id	num	neg|score	neg|p-value	neg|fdr	neg|rank	neg|goodsgrna	neg|lfc	pos|score	pos|p-value	pos|fdr	pos|rank	pos|goodsgrna	pos|lfc
RHOXF1	2109	5.7865e-07	0.0031628	1.0	1	733	0.11537	0.032574	0.2404	0.739223	161	783	0.11537
splice_essential_wang	1531	8.4465e-07	0.0038519	1.0	2	548	-0.017964	0.57815	0.93544	1.0	519	494	-0.017964
OTX2	887	1.1735e-06	0.0049574	1.0	3	328	0.034019	0.19908	0.64403	0.98313	352	333	0.034019
MXI1	1553	3.862e-05	0.036918	1.0	4	535	0.041279	0.1319	0.48972	0.881816	291	571	0.041279
OTX1	1258	4.8225e-05	0.041478	1.0	5	440	0.11619	0.090344	0.4002	0.860577	252	476	0.11619
GSC2	1258	4.8225e-05	0.041478	1.0	6	440	0.11619	0.090344	0.4002	0.860577	253	476	0.11619
CRX	1258	4.8225e-05	0.041478	1.0	7	440	0.11619	0.090344	0.4002	0.860577	249	476	0.11619
PITX3	1258	4.8225e-05	0.041478	1.0	8	440	0.11619	0.090344	0.4002	0.860577	248	476	0.11619
PITX1	1258	4.8225e-05	0.041478	1.0	9	440	0.11619	0.090344	0.4002	0.860577	251	476	0.11619
GSC	1258	4.8225e-05	0.041478	1.0	10	440	0.11619	0.090344	0.4002	0.860577	250	476	0.11619
splice_essential_wei	29	6.2605e-05	0.0088092	1.0	11	12	-0.33539	0.67871	0.93369	1.0	540	6	-0.33539
NKX2-1	465	0.00015056	0.07499	1.0	12	155	0.20395	0.63222	0.95429	1.0	528	172	0.20395
NoMotif	7811	0.00022037	0.092004	1.0	13	2396	0.24556	0.024232	0.20463	0.703447	144	3114	0.24556
ZNF213	275	0.00031158	0.11366	1.0	14	109	-0.055569	0.2185	0.66685	0.995419	369	98	-0.055569
GCM2	12	0.00031616	0.010078	1.0	15	6	-0.4713	0.87649	0.95689	1.0	570	1	-0.4713
SP9	135	0.00058423	0.15243	1.0	16	54	-0.045426	0.04687	0.28423	0.772636	186	50	-0.045426
ZNF460	251	0.00065983	0.15911	1.0	17	85	0.34321	0.0071737	0.051462	0.340316	82	106	0.34321
MLXIP	439	0.00067957	0.16116	1.0	18	126	0.33656	0.00046205	0.0076591	0.104675	41	192	0.33656
MAX	439	0.00067957	0.16116	1.0	19	126	0.33656	0.00046205	0.0076591	0.104675	42	192	0.33656
MNT	439	0.00067957	0.16116	1.0	20	126	0.33656	0.00046205	0.0076591	0.104675	40	192	0.33656
ARNT	439	0.00067957	0.16116	1.0	21	126	0.33656	0.00046205	0.0076591	0.104675	39	192	0.33656
ZBTB32	10	0.00073545	0.017504	1.0	22	8	-1.2742	0.84131	0.93573	1.0	565	1	-1.2742
ZNF417	216	0.00074425	0.16655	1.0	23	71	0.45538	0.00061877	0.0089778	0.120029	45	98	0.45538
ZNF384	521	0.00086474	0.17736	1.0	24	177	-0.017359	0.97384	0.99976	1.0	604	173	-0.017359
PGR	64	0.00088055	0.11684	1.0	25	24	-0.24315	0.023171	0.16824	0.694406	142	20	-0.24315
CLOCK	203	0.00088561	0.17786	1.0	26	61	0.18094	0.084447	0.3813	0.860577	233	79	0.18094
MAX::MYC	5	0.00091717	0.0085911	1.0	27	4	-1.5373	0.96147	0.94695	1.0	601	0	-1.5373
ARNT::HIF1A	1380	0.0010059	0.18796	1.0	28	409	0.30188	0.0011796	0.01459	0.166159	50	579	0.30188
splice_nonessential_liu	381	0.0011958	0.20723	1.0	29	79	1.3451	1.821e-14	4.9574e-06	0.000436	4	228	1.3451
ATOH1	483	0.0015942	0.23775	1.0	30	161	0.1479	0.05458	0.30958	0.773956	202	177	0.1479
TCFL5	88	0.0016631	0.21447	1.0	31	31	0.64104	0.0059494	0.043461	0.308862	79	47	0.64104
ESRRA	28	0.0017807	0.074365	1.0	32	12	-0.22313	0.26972	0.63788	0.98313	391	9	-0.22313
NR5A2	28	0.0017807	0.074365	1.0	33	12	-0.22313	0.26972	0.63788	0.98313	390	9	-0.22313
POU3F1	16	0.0018706	0.050174	1.0	34	4	0.88855	0.10124	0.31633	0.778183	270	9	0.88855
MAFG	6	0.0018937	0.023067	1.0	35	5	-1.6025	0.99256	0.98777	1.0	609	0	-1.6025
MAF	6	0.0018937	0.023067	1.0	36	5	-1.6025	0.99256	0.98777	1.0	611	0	-1.6025
MAFA	6	0.0018937	0.023067	1.0	37	5	-1.6025	0.99256	0.98777	1.0	610	0	-1.6025
POU2F3	18	0.0023722	0.065819	1.0	38	7	0.12207	0.37127	0.69795	1.0	428	7	0.12207
STAT6	28	0.0029382	0.10034	1.0	39	9	0.11643	0.033613	0.15419	0.660617	164	9	0.11643
NKX6-3	148	0.0032483	0.31641	1.0	40	37	0.64115	0.013705	0.084746	0.441686	113	69	0.64115
SOX6	34	0.0035817	0.13624	1.0	41	13	-0.057026	0.84366	0.98151	1.0	567	9	-0.057026
SOX4	98	0.0038201	0.33963	1.0	42	28	0.57896	0.063389	0.32848	0.798123	214	45	0.57896
ZBTB14	28	0.0040419	0.12674	1.0	43	10	0.36281	0.0025605	0.016077	0.176557	62	14	0.36281
ZBTB6	55	0.0044478	0.22154	1.0	44	21	-0.01094	0.13063	0.47505	0.881816	290	17	-0.01094
RHOX11	13	0.0045291	0.081256	1.0	45	5	0.75921	0.28794	0.58095	0.944777	394	5	0.75921
HNF1B	9	0.0045389	0.05984	1.0	46	5	-1.0054	0.48773	0.72887	1.0	477	3	-1.0054
POU5F1B	26	0.0049327	0.13765	1.0	47	10	0.12207	0.56253	0.8766	1.0	511	10	0.12207
POU2F1	26	0.0049327	0.13765	1.0	48	10	0.12207	0.56253	0.8766	1.0	513	10	0.12207
POU3F4	26	0.0049327	0.13765	1.0	49	10	0.12207	0.56253	0.8766	1.0	512	10	0.12207
VDR	335	0.0049656	0.37902	1.0	50	113	0.13052	0.35667	0.80897	1.0	419	131	0.13052
DMRTA2	508	0.0060215	0.40349	1.0	51	153	0.28214	0.030717	0.23451	0.724736	159	195	0.28214
FIGLA	2601	0.0062806	0.41004	1.0	52	810	0.30671	0.016082	0.11383	0.522411	124	1088	0.30671
ZEB1	2601	0.0062806	0.41004	1.0	53	810	0.30671	0.016082	0.11383	0.522411	123	1088	0.30671
ISL2	549	0.0063586	0.41176	1.0	54	167	0.17637	0.0086898	0.059672	0.366609	88	209	0.17637
NFYA	92	0.0063852	0.39675	1.0	55	39	-0.35269	0.78482	0.98549	1.0	562	28	-0.35269
ATF2	11	0.0069034	0.089614	1.0	56	7	-0.69472	0.97491	0.98744	1.0	605	1	-0.69472
POU6F1	323	0.0070755	0.42698	1.0	57	103	0.23702	0.32038	0.77996	1.0	412	123	0.23702
NR5A1	6	0.007246	0.063291	1.0	58	3	-0.94047	0.60027	0.74106	1.0	524	2	-0.94047
SP5	5088	0.007249	0.42898	1.0	59	1485	0.38593	9.0925e-08	1.4872e-05	0.001016	8	2215	0.38593
NEUROG2	407	0.0077324	0.4465	1.0	60	128	0.25224	0.16096	0.54343	0.901841	333	163	0.25224
BCL11A	308	0.0077409	0.4465	1.0	61	105	0.052329	0.1769	0.61312	0.966323	342	110	0.052329
ERF::FOXI1	54	0.0077711	0.29416	1.0	62	14	0.85681	0.023423	0.15817	0.660617	143	29	0.85681
E2F8	18	0.008176	0.14632	1.0	63	9	-0.55127	0.56453	0.84853	1.0	514	5	-0.55127
ALX1	53	0.0090325	0.30138	1.0	64	23	-0.37423	0.97304	0.99935	1.0	603	12	-0.37423
SMAD4	627	0.0090675	0.47059	1.0	65	180	0.29959	0.082127	0.37499	0.860577	230	261	0.29959
NKX3-1	126	0.0094521	0.47785	1.0	66	38	0.098864	0.20099	0.6447	0.98313	354	45	0.098864
NEUROG1	11	0.0096819	0.11074	1.0	67	6	-0.74564	0.99893	0.99762	1.0	612	0	-0.74564
SNAI2	240	0.009863	0.4833	1.0	68	88	0.1582	0.068919	0.3407	0.808986	222	94	0.1582
HES1	127	0.0099693	0.48395	1.0	69	44	0.12572	0.0033146	0.02967	0.24658	66	52	0.12572
NFYC	183	0.01104	0.50091	1.0	70	70	-0.098908	0.58472	0.93801	1.0	520	66	-0.098908
HAND2	1474	0.011569	0.50775	1.0	71	482	0.17299	0.63088	0.95387	1.0	526	547	0.17299
USF1	12	0.011664	0.13141	1.0	72	4	0.59597	0.34517	0.64082	0.98313	416	6	0.59597
TFAP2E	324	0.011742	0.50988	1.0	73	94	0.53166	0.0019094	0.019329	0.185737	58	152	0.53166
HNF1A	25	0.012093	0.22207	1.0	74	9	0.11923	0.050272	0.22488	0.721013	192	12	0.11923
PBX1	9	0.012194	0.1167	1.0	75	6	-0.68616	0.89294	0.94892	1.0	579	2	-0.68616
SOX11	108	0.012486	0.51859	1.0	76	27	0.59565	0.011479	0.072383	0.401038	102	51	0.59565
CTCFL	112	0.012659	0.51944	1.0	77	36	0.43793	0.089486	0.39241	0.860577	247	47	0.43793
PITX2	48	0.012722	0.33367	1.0	78	16	0.64621	0.00017333	0.0027811	0.051829	35	22	0.64621
KLF6	286	0.012829	0.52122	1.0	79	95	0.56651	0.0087821	0.060465	0.366609	89	130	0.56651
AAVS1_wang	473	0.014318	0.54145	1.0	80	51	1.6262	4.6258e-41	4.9574e-06	0.000436	1	331	1.6262
NPAS2	106	0.014637	0.54722	1.0	81	29	0.27435	0.040588	0.2648	0.767595	180	45	0.27435
HOXB4	678	0.014794	0.5478	1.0	82	217	0.11963	0.02315	0.20036	0.703447	139	242	0.11963
HOXC4	678	0.014794	0.5478	1.0	83	217	0.11963	0.02315	0.20036	0.703447	141	242	0.11963
HOXD4	678	0.014794	0.5478	1.0	84	217	0.11963	0.02315	0.20036	0.703447	140	242	0.11963
LHX6	55	0.015001	0.39863	1.0	85	23	-0.24722	0.97647	0.99944	1.0	606	14	-0.24722
ARGFX	55	0.015001	0.39863	1.0	86	23	-0.24722	0.97647	0.99944	1.0	607	14	-0.24722
NKX2-8	110	0.015017	0.55006	1.0	87	37	0.16112	0.52001	0.91428	1.0	489	40	0.16112
MAZ	435	0.015699	0.55538	1.0	88	113	0.41251	0.0091881	0.06223	0.366609	93	194	0.41251
GMEB1	64	0.015706	0.43778	1.0	89	19	0.5658	0.0091446	0.064639	0.366609	92	33	0.5658
NKX2-3	103	0.016038	0.55873	1.0	90	40	-0.18428	0.31177	0.7734	1.0	408	32	-0.18428
ZNF766	16	0.016665	0.18994	1.0	91	4	0.045252	0.23246	0.53345	0.898349	373	4	0.045252
RUNX3	36	0.016976	0.32954	1.0	92	16	0.13948	0.52838	0.87467	1.0	490	15	0.13948
KLF14	316	0.017858	0.573	1.0	93	90	0.7858	3.8979e-05	0.00055027	0.014101	22	158	0.7858
ARID3A	528	0.018319	0.57813	1.0	94	179	0.12544	0.39365	0.83373	1.0	451	202	0.12544
HMX1	9	0.018638	0.15576	1.0	95	5	-0.85671	0.3719	0.63297	0.98313	430	3	-0.85671
HMX3	9	0.018638	0.15576	1.0	96	5	-0.85671	0.3719	0.63297	0.98313	429	3	-0.85671
ESRRG	43	0.019587	0.38498	1.0	97	15	0.1456	0.26125	0.66404	0.993643	384	17	0.1456
HOXA5	62	0.019785	0.49139	1.0	98	22	0.38545	0.069609	0.31246	0.774845	223	27	0.38545
RELA	11	0.01999	0.18397	1.0	99	3	0.066088	0.77991	0.91519	1.0	561	2	0.066088
SREBF1	25	0.020113	0.28199	1.0	100	11	0.30933	0.08708	0.32027	0.781613	237	10	0.30933
POU3F2	7	0.020633	0.15722	1.0	101	2	1.1786	0.21674	0.42928	0.881816	368	4	1.1786
LEF1	60	0.021713	0.49834	1.0	102	24	-0.11492	0.24195	0.65482	0.987084	377	26	-0.11492
HNF4G	33	0.02208	0.35783	1.0	103	10	0.2607	0.16439	0.49239	0.881816	335	15	0.2607
HNF4A	33	0.02208	0.35783	1.0	104	10	0.2607	0.16439	0.49239	0.881816	336	15	0.2607
MEIS3	158	0.023126	0.62761	1.0	105	58	-0.071161	0.40848	0.84953	1.0	453	54	-0.071161
HIF1A	353	0.023247	0.62782	1.0	106	105	0.40246	0.001522	0.017048	0.179217	52	152	0.40246
ZNF354C	2658	0.023615	0.62931	1.0	107	786	0.34387	0.0053055	0.042817	0.308862	78	1132	0.34387
NFAT5	64	0.025168	0.53813	1.0	108	27	-0.2017	0.8833	0.99423	1.0	576	17	-0.2017
IKZF1	182	0.025951	0.64298	1.0	109	51	0.46211	0.096655	0.41892	0.876317	262	83	0.46211
TCF7	175	0.02712	0.65247	1.0	110	65	0.039415	0.055087	0.31126	0.774845	203	70	0.039415
ZNF423	6	0.027994	0.15771	1.0	111	3	0.036586	0.38793	0.60424	0.965751	437	3	0.036586
ATF1	20	0.028438	0.30877	1.0	112	4	0.08973	0.691	0.91595	1.0	543	5	0.08973
RFX7	15	0.02943	0.27129	1.0	113	6	-0.41455	0.0079783	0.045732	0.316011	85	4	-0.41455
SP8	32	0.030077	0.38696	1.0	114	14	-0.14243	0.2331	0.60441	0.965751	374	10	-0.14243
VEZF1	774	0.031106	0.69916	1.0	115	207	0.46396	0.00014879	0.0050317	0.091015	33	355	0.46396
SIX2	7	0.031165	0.19245	1.0	116	2	-0.36053	0.053785	0.15898	0.660617	198	1	-0.36053
MEIS2	92	0.034066	0.69786	1.0	117	33	0.028019	0.29674	0.75463	1.0	404	32	0.028019
AHR::ARNT	2745	0.035242	0.7132	1.0	118	819	0.38843	6.1925e-05	0.00086754	0.020521	23	1206	0.38843
ZIC1	5	0.037524	0.18198	1.0	119	3	-1.2666	0.71182	0.79894	1.0	546	1	-1.2666
ZIC5	5	0.037524	0.18198	1.0	120	3	-1.2666	0.71182	0.79894	1.0	545	1	-1.2666
POU5F1	228	0.03799	0.73266	1.0	121	74	0.022278	0.37507	0.82206	1.0	431	77	0.022278
ZSCAN21	230	0.039311	0.73599	1.0	122	81	0.0049751	0.50293	0.90556	1.0	480	86	0.0049751
NFIC	250	0.039856	0.73768	1.0	123	86	0.26502	0.33623	0.79287	1.0	415	103	0.26502
NFATC2	75	0.040592	0.66645	1.0	124	30	-0.20524	0.35242	0.79217	1.0	418	25	-0.20524
MZF1	75	0.040622	0.6666	1.0	125	25	-0.080881	0.38583	0.8213	1.0	435	23	-0.080881
TWIST1	77	0.040753	0.67186	1.0	126	28	0.19327	0.42839	0.85477	1.0	457	27	0.19327
OVOL2	38	0.041927	0.49629	1.0	127	13	-0.21915	0.11128	0.41268	0.868091	278	13	-0.21915
TFAP2C	126	0.042071	0.74574	1.0	128	47	0.3352	0.1701	0.58175	0.944777	338	57	0.3352
BHLHE40	76	0.042502	0.67692	1.0	129	19	0.77716	0.0017492	0.01689	0.179217	55	39	0.77716
ZNF682	6	0.043764	0.21568	1.0	130	4	-0.84281	0.94581	0.93914	1.0	597	1	-0.84281
MAFK	24	0.044348	0.42598	1.0	131	10	-0.041379	0.31683	0.67247	1.0	410	9	-0.041379
LHX9	94	0.044669	0.74382	1.0	132	33	0.12184	0.2904	0.75334	1.0	402	31	0.12184
PRRX2	94	0.044669	0.74382	1.0	133	33	0.12184	0.2904	0.75334	1.0	398	31	0.12184
VSX1	94	0.044669	0.74382	1.0	134	33	0.12184	0.2904	0.75334	1.0	400	31	0.12184
LBX1	94	0.044669	0.74382	1.0	135	33	0.12184	0.2904	0.75334	1.0	401	31	0.12184
NOTO	94	0.044669	0.74382	1.0	136	33	0.12184	0.2904	0.75334	1.0	397	31	0.12184
VSX2	94	0.044669	0.74382	1.0	137	33	0.12184	0.2904	0.75334	1.0	399	31	0.12184
MIX-A	98	0.044983	0.75741	1.0	138	37	-0.040086	0.94021	0.99883	1.0	594	31	-0.040086
NKX6-1	98	0.044983	0.75741	1.0	139	37	-0.040086	0.94021	0.99883	1.0	593	31	-0.040086
LMX1A	98	0.044983	0.75741	1.0	140	37	-0.040086	0.94021	0.99883	1.0	592	31	-0.040086
TAL1::TCF3	22	0.045031	0.40435	1.0	141	10	-0.40771	0.67649	0.91879	1.0	535	7	-0.40771
ZFP335	489	0.04586	0.75945	1.0	142	150	0.28015	0.044457	0.27653	0.772636	184	198	0.28015
NEUROD1	98	0.045991	0.7599	1.0	143	25	0.43672	0.088381	0.39091	0.860577	245	43	0.43672
FOXJ2	114	0.046793	0.76248	1.0	144	39	-0.042711	0.59527	0.94227	1.0	521	40	-0.042711
TCF7L2	62	0.047158	0.63548	1.0	145	20	0.19601	0.058738	0.28053	0.772636	211	26	0.19601
ATOH7	11	0.047599	0.31219	1.0	146	6	-0.53322	0.88327	0.95623	1.0	575	2	-0.53322
BHLHE23	11	0.047599	0.31219	1.0	147	6	-0.53322	0.88327	0.95623	1.0	574	2	-0.53322
OLIG1	11	0.047599	0.31219	1.0	148	6	-0.53322	0.88327	0.95623	1.0	573	2	-0.53322
OLIG3	11	0.047599	0.31219	1.0	149	6	-0.53322	0.88327	0.95623	1.0	572	2	-0.53322
KLF11	35	0.048968	0.50952	1.0	150	15	-0.044323	0.21592	0.58268	0.944777	367	12	-0.044323
ZNF708	56	0.049028	0.61723	1.0	151	17	0.3989	0.011274	0.11147	0.522411	101	25	0.3989
STAT5B	26	0.049583	0.46371	1.0	152	10	-0.24393	0.085519	0.3198	0.781613	234	10	-0.24393
YY1	62	0.051218	0.65517	1.0	153	21	0.58439	0.0040889	0.02964	0.24658	69	31	0.58439
LIN54	346	0.051808	0.77259	1.0	154	113	0.073149	0.097045	0.42083	0.877315	263	130	0.073149
KLF2	575	0.052078	0.77383	1.0	155	181	0.38753	0.0093877	0.063023	0.366609	95	251	0.38753
NEUROD2	1599	0.052414	0.77396	1.0	156	457	0.30052	0.022947	0.2001	0.703447	138	669	0.30052
ZFP809	138	0.052454	0.77401	1.0	157	49	-0.050223	0.10555	0.43891	0.881816	271	55	-0.050223
HLF	5	0.052636	0.21354	1.0	158	2	-0.24144	0.94788	0.93365	1.0	599	0	-0.24144
TCF4	161	0.05363	0.77711	1.0	159	44	0.47253	0.0015547	0.017286	0.179217	53	78	0.47253
EGR1	27	0.053855	0.48509	1.0	160	11	0.17118	0.075447	0.30116	0.772636	226	13	0.17118
NANOG	121	0.054149	0.77805	1.0	161	39	0.068514	0.68122	0.96775	1.0	542	40	0.068514
CEBPA	10	0.054266	0.31802	1.0	162	4	0.048481	0.76929	0.90331	1.0	560	3	0.048481
TEAD3	144	0.054359	0.77868	1.0	163	52	-0.18695	0.88446	0.99559	1.0	577	48	-0.18695
ZFP57	81	0.054525	0.73249	1.0	164	28	0.004043	0.26099	0.71127	1.0	383	28	0.004043
ZNF449	4	0.055112	0.21795	1.0	165	1	1.1608	0.18881	0.34684	0.820415	349	3	1.1608
ZNF524	38	0.057179	0.56208	1.0	166	10	0.38107	0.25659	0.64277	0.98313	381	14	0.38107
ZFP961	68	0.059798	0.70384	1.0	167	17	0.84346	0.025757	0.18083	0.699436	150	34	0.84346
TEAD4	47	0.060545	0.62477	1.0	168	19	-0.44488	0.75644	0.96825	1.0	558	9	-0.44488
ASCL1	183	0.060731	0.79585	1.0	169	43	0.54762	0.0041476	0.035361	0.278807	71	85	0.54762
FOXC1	11	0.062103	0.35192	1.0	170	4	0.37975	0.56862	0.81	1.0	515	4	0.37975
TBP	214	0.062131	0.79708	1.0	171	70	0.0042338	0.94237	0.99886	1.0	595	71	0.0042338
TCF12	2119	0.064607	0.80296	1.0	172	624	0.29672	0.0099057	0.064976	0.366609	98	880	0.29672
RELB	192	0.064864	0.80378	1.0	173	64	0.17423	0.088446	0.39092	0.860577	246	79	0.17423
WT1	37	0.064995	0.58533	1.0	174	12	0.37664	0.12696	0.43436	0.881816	287	14	0.37664
SOX3	174	0.068115	0.81141	1.0	175	59	0.036747	0.051356	0.29641	0.772636	196	60	0.036747
SOX13	174	0.068115	0.81141	1.0	176	59	0.036747	0.051356	0.29641	0.772636	194	60	0.036747
SOX2	174	0.068115	0.81141	1.0	177	59	0.036747	0.051356	0.29641	0.772636	195	60	0.036747
ZNF652	28	0.068519	0.54232	1.0	178	10	-0.056538	0.64673	0.92009	1.0	529	7	-0.056538
TFAP4	33	0.06868	0.5729	1.0	179	13	0.11863	0.030224	0.15692	0.660617	158	13	0.11863
LMX1B	20	0.069322	0.47787	1.0	180	7	-0.073422	0.92855	0.98644	1.0	589	4	-0.073422
NFYB	29	0.071006	0.56296	1.0	181	9	-0.12509	0.14994	0.46149	0.881816	329	10	-0.12509
NR2C1	2585	0.072299	0.82162	1.0	182	760	0.28782	0.11586	0.45544	0.881816	281	1063	0.28782
NR2C2	2585	0.072299	0.82162	1.0	183	760	0.28782	0.11586	0.45544	0.881816	282	1063	0.28782
ETS2	29	0.072388	0.56399	1.0	184	9	0.057127	0.27756	0.65702	0.987084	393	12	0.057127
KLF4	483	0.072614	0.82277	1.0	185	130	0.39995	0.002606	0.025506	0.230676	63	215	0.39995
ZBTB12	463	0.075423	0.82767	1.0	186	121	0.41342	0.015972	0.11306	0.522411	122	203	0.41342
STAT3	64	0.076599	0.73862	1.0	187	22	0.024189	0.020633	0.15888	0.660617	135	25	0.024189
TFAP2B	134	0.077164	0.83092	1.0	188	48	0.28835	0.29745	0.76224	1.0	405	58	0.28835
THAP11	9	0.077518	0.35275	1.0	189	2	0.64058	0.24383	0.49083	0.881816	379	5	0.64058
GBX1	184	0.079172	0.83447	1.0	190	58	0.24134	0.48907	0.89973	1.0	478	66	0.24134
SCRT2	11	0.079599	0.40032	1.0	191	6	-0.52341	0.26924	0.53767	0.898349	387	2	-0.52341
SCRT1	11	0.079599	0.40032	1.0	192	6	-0.52341	0.26924	0.53767	0.898349	388	2	-0.52341
STAT5A::STAT5B	54	0.08189	0.72125	1.0	193	19	-0.069889	0.01498	0.1266	0.576716	120	20	-0.069889
SP4	215	0.082231	0.84187	1.0	194	58	1.0432	3.2415e-06	0.00018342	0.00705	13	119	1.0432
KLF12	215	0.082231	0.84187	1.0	195	58	1.0432	3.2415e-06	0.00018342	0.00705	11	119	1.0432
SP1	215	0.082231	0.84187	1.0	196	58	1.0432	3.2415e-06	0.00018342	0.00705	14	119	1.0432
KLF10	215	0.082231	0.84187	1.0	197	58	1.0432	3.2415e-06	0.00018342	0.00705	12	119	1.0432
SP2	215	0.082231	0.84187	1.0	198	58	1.0432	3.2415e-06	0.00018342	0.00705	15	119	1.0432
MYC	49	0.083873	0.69429	1.0	199	17	-0.060242	0.043978	0.22436	0.721013	182	14	-0.060242
GFI1B	15	0.084539	0.47315	1.0	200	7	-0.54383	0.73684	0.9186	1.0	554	5	-0.54383
NKX2-4	111	0.08508	0.8465	1.0	201	36	0.16785	0.67766	0.96644	1.0	539	39	0.16785
TEAD1	24	0.086197	0.57013	1.0	202	10	-0.51737	0.75545	0.95202	1.0	557	1	-0.51737
SIX1	20	0.08649	0.52696	1.0	203	3	0.73888	0.037	0.1468	0.6358	174	11	0.73888
TCF3	640	0.086735	0.84896	1.0	204	194	0.30078	0.0091229	0.061764	0.366609	91	268	0.30078
SNAI1	640	0.086735	0.84896	1.0	205	194	0.30078	0.0091229	0.061764	0.366609	90	268	0.30078
STAT5A	28	0.08767	0.61504	1.0	206	9	-0.0094056	0.057105	0.24957	0.750045	204	10	-0.0094056
TWIST2	1505	0.090045	0.85376	1.0	207	433	0.29846	0.033876	0.24712	0.750045	165	628	0.29846
ZNF610	53	0.090416	0.73172	1.0	208	12	1.0939	0.0093328	0.099807	0.483316	94	29	1.0939
ZNF263	1060	0.090554	0.85511	1.0	209	314	0.37198	7.1212e-06	0.00022308	0.00807	16	467	0.37198
OLIG2	1511	0.092447	0.86049	1.0	210	436	0.29718	0.038661	0.26017	0.765565	178	629	0.29718
BHLHE22	1511	0.092447	0.86049	1.0	211	436	0.29718	0.038661	0.26017	0.765565	177	629	0.29718
VAX1	159	0.094361	0.86183	1.0	212	54	0.14568	0.44026	0.86796	1.0	463	54	0.14568
ISL1	148	0.095037	0.8623	1.0	213	44	0.40629	0.24127	0.70257	1.0	376	62	0.40629
ETV2::FOXI1	28	0.095506	0.62441	1.0	214	10	0.30739	0.22598	0.57723	0.944141	372	12	0.30739
GATA4	78	0.095863	0.82304	1.0	215	19	0.4036	0.33189	0.77919	1.0	413	34	0.4036
FOXJ3	43	0.097241	0.70739	1.0	216	13	-0.039115	0.67469	0.94587	1.0	532	15	-0.039115
GRHL2	28	0.097459	0.62887	1.0	217	8	0.21137	0.10827	0.36935	0.860577	273	11	0.21137
TFAP2A	146	0.097672	0.86444	1.0	218	51	0.22488	0.38401	0.82769	1.0	434	58	0.22488
MSANTD3	395	0.097849	0.8651	1.0	219	121	0.26061	0.02045	0.18942	0.703447	134	167	0.26061
GLI2	24	0.10194	0.60024	1.0	220	10	0.036025	0.21488	0.55089	0.9083	366	11	0.036025
CREB3L2	20	0.10436	0.576	1.0	221	6	0.6156	0.086125	0.28863	0.772636	235	10	0.6156
KLF1	936	0.10468	0.87738	1.0	222	243	0.61427	2.4218e-08	4.9574e-06	0.000436	5	449	0.61427
MYOG	291	0.10645	0.87936	1.0	223	76	0.31784	0.048679	0.28941	0.772636	191	115	0.31784
MYB	809	0.10817	0.88085	1.0	224	232	0.34396	0.13837	0.51078	0.887376	318	336	0.34396
ZNF257	27	0.10848	0.63949	1.0	225	10	0.3838	0.21327	0.55903	0.919256	365	13	0.3838
ZNF770	42	0.10925	0.73617	1.0	226	15	0.40735	0.008023	0.079343	0.428033	86	19	0.40735
FOSL1::JUNB	34	0.11023	0.70492	1.0	227	9	-0.014348	0.51999	0.86306	1.0	488	10	-0.014348
FOS::JUND	34	0.11023	0.70492	1.0	228	9	-0.014348	0.51999	0.86306	1.0	487	10	-0.014348
THAP1	232	0.11035	0.8841	1.0	229	71	0.54279	0.0022171	0.020975	0.195445	60	111	0.54279
MECOM	5	0.11084	0.35765	1.0	230	2	1.0314	0.41516	0.59251	0.956413	455	2	1.0314
ZBTB26	115	0.11203	0.88657	1.0	231	26	0.89095	0.002517	0.024822	0.227839	61	61	0.89095
DPRX	17	0.11247	0.55818	1.0	232	5	0.4811	0.29022	0.60959	0.966236	396	8	0.4811
MYOD1	34	0.11247	0.70987	1.0	233	10	0.47705	0.054371	0.22893	0.721013	200	17	0.47705
SATB1	104	0.11302	0.8884	1.0	234	29	0.46813	0.12874	0.48622	0.881816	288	42	0.46813
E2F6	110	0.11442	0.88949	1.0	235	39	0.29905	0.19889	0.64403	0.98313	351	47	0.29905
NR2E3	326	0.11481	0.8895	1.0	236	96	0.26175	0.08292	0.37715	0.860577	231	123	0.26175
HOXA4	203	0.11638	0.89004	1.0	237	67	-0.087368	0.0069882	0.050481	0.337454	81	59	-0.087368
SOX9	69	0.11698	0.83596	1.0	238	24	0.22962	0.047196	0.24914	0.750045	187	31	0.22962
SOX10	1080	0.11849	0.89161	1.0	239	314	0.31731	0.12029	0.46603	0.881816	283	443	0.31731
CUX2	5	0.12046	0.37569	1.0	240	2	-0.45197	0.50099	0.6458	0.98313	479	2	-0.45197
ZBED4	122	0.12186	0.89408	1.0	241	29	0.84786	8.7586e-05	0.0010956	0.024955	26	69	0.84786
ELF5	118	0.12259	0.89507	1.0	242	34	0.33211	0.048058	0.28757	0.772636	190	56	0.33211
FOXQ1	18	0.12425	0.58852	1.0	243	8	-0.1276	0.8415	0.96612	1.0	566	4	-0.1276
PLAGL2	72	0.1252	0.85694	1.0	244	20	0.22574	0.029275	0.19674	0.703447	155	30	0.22574
SNAI3	92	0.12667	0.89404	1.0	245	33	0.18941	0.10866	0.43355	0.881816	275	40	0.18941
STAT1	75	0.12751	0.86144	1.0	246	23	0.29676	0.037352	0.22093	0.721013	176	31	0.29676
EBF3	30	0.12786	0.69384	1.0	247	12	0.28549	0.057738	0.25911	0.765565	205	13	0.28549
EBF2	30	0.12786	0.69384	1.0	248	12	0.28549	0.057738	0.25911	0.765565	206	13	0.28549
FLI1::FOXI1	16	0.12844	0.57282	1.0	249	4	0.6359	0.06415	0.23096	0.721013	216	8	0.6359
FOXG1	146	0.12893	0.90385	1.0	250	48	-0.027099	0.72676	0.97655	1.0	549	50	-0.027099
SOHLH2	32	0.12993	0.71498	1.0	251	6	0.87311	0.013004	0.089228	0.450595	111	18	0.87311
NR4A1	58	0.13354	0.8224	1.0	252	18	0.23461	0.5092	0.88781	1.0	483	22	0.23461
NR4A2	58	0.13354	0.8224	1.0	253	18	0.23461	0.5092	0.88781	1.0	482	22	0.23461
NFIL3	12	0.13619	0.53056	1.0	254	5	-0.49182	0.67887	0.87801	1.0	541	3	-0.49182
CDX2	47	0.13821	0.81243	1.0	255	13	0.80335	0.01371	0.10929	0.521011	114	24	0.80335
TRPS1	110	0.14033	0.91217	1.0	256	36	0.027888	0.67758	0.96644	1.0	538	25	0.027888
GATA6	110	0.14033	0.91217	1.0	257	36	0.027888	0.67758	0.96644	1.0	536	25	0.027888
GATA3	110	0.14033	0.91217	1.0	258	36	0.027888	0.67758	0.96644	1.0	537	25	0.027888
DUX4	8	0.14115	0.47976	1.0	259	3	0.054113	0.22511	0.45345	0.881816	371	3	0.054113
ARID3B	76	0.14179	0.88177	1.0	260	23	0.039684	0.56953	0.92863	1.0	517	27	0.039684
SOX15	313	0.14265	0.91452	1.0	261	97	0.11402	0.035303	0.24995	0.750045	169	116	0.11402
GATA1	128	0.14334	0.91564	1.0	262	43	-0.043592	0.024766	0.20614	0.703447	145	43	-0.043592
FOXN1	2204	0.1439	0.91579	1.0	263	613	0.49787	2.6163e-07	1.4872e-05	0.001016	9	1001	0.49787
ZNF135	32	0.14486	0.73557	1.0	264	11	-0.027607	0.19126	0.5455	0.901841	350	12	-0.027607
NPAS4	58	0.14875	0.84486	1.0	265	18	0.25847	0.45778	0.86025	1.0	467	22	0.25847
ESRRB	5	0.15032	0.42176	1.0	266	2	0.1456	0.4383	0.60643	0.966148	461	2	0.1456
ZKSCAN1	14	0.15181	0.58154	1.0	267	6	0.089841	0.99222	0.99672	1.0	608	2	0.089841
PATZ1	90	0.15265	0.91121	1.0	268	27	0.43097	0.0012137	0.013806	0.165865	51	39	0.43097
GMEB2	13	0.15622	0.58523	1.0	269	5	-0.30996	0.4464	0.74046	1.0	465	5	-0.30996
SIX4	216	0.15714	0.92965	1.0	270	69	-0.12062	0.8184	0.98963	1.0	563	64	-0.12062
SOX8	304	0.15757	0.92981	1.0	271	97	0.12917	0.5514	0.92581	1.0	508	116	0.12917
ETV5::FIGLA	11	0.15798	0.55837	1.0	272	4	-0.22461	0.91825	0.96755	1.0	587	2	-0.22461
KLF15	478	0.15852	0.92997	1.0	273	121	0.83752	4.5453e-08	4.9574e-06	0.000436	7	248	0.83752
KLF7	478	0.15852	0.92997	1.0	274	121	0.83752	4.5453e-08	4.9574e-06	0.000436	6	248	0.83752
RUNX1	67	0.15878	0.87433	1.0	275	17	0.36637	0.2608	0.68837	1.0	382	27	0.36637
RORA	10	0.15958	0.55817	1.0	276	4	-0.11723	0.75269	0.89464	1.0	556	3	-0.11723
HMBOX1	85	0.15969	0.91125	1.0	277	29	-0.031852	0.92476	0.99805	1.0	588	23	-0.031852
MLXIPL	71	0.16243	0.88846	1.0	278	17	0.38932	0.05838	0.29032	0.772636	210	33	0.38932
MNX1	923	0.16333	0.93129	1.0	279	292	0.21285	0.14915	0.52397	0.898349	328	349	0.21285
TEF	4	0.16337	0.36759	1.0	280	2	-0.57594	0.85149	0.83919	1.0	569	1	-0.57594
HOXA2	218	0.16398	0.93223	1.0	281	72	0.22082	0.54869	0.92548	1.0	497	75	0.22082
EVX2	218	0.16398	0.93223	1.0	282	72	0.22082	0.54869	0.92548	1.0	496	75	0.22082
HOXA1	218	0.16398	0.93223	1.0	283	72	0.22082	0.54869	0.92548	1.0	494	75	0.22082
PDX1	218	0.16398	0.93223	1.0	284	72	0.22082	0.54869	0.92548	1.0	495	75	0.22082
HOXC8	218	0.16398	0.93223	1.0	285	72	0.22082	0.54869	0.92548	1.0	499	75	0.22082
HOXB5	218	0.16398	0.93223	1.0	286	72	0.22082	0.54869	0.92548	1.0	500	75	0.22082
HOXB3	218	0.16398	0.93223	1.0	287	72	0.22082	0.54869	0.92548	1.0	502	75	0.22082
EMX1	218	0.16398	0.93223	1.0	288	72	0.22082	0.54869	0.92548	1.0	505	75	0.22082
GSX1	218	0.16398	0.93223	1.0	289	72	0.22082	0.54869	0.92548	1.0	501	75	0.22082
EVX1	218	0.16398	0.93223	1.0	290	72	0.22082	0.54869	0.92548	1.0	498	75	0.22082
LHX8	218	0.16398	0.93223	1.0	291	72	0.22082	0.54869	0.92548	1.0	504	75	0.22082
DRGX	218	0.16398	0.93223	1.0	292	72	0.22082	0.54869	0.92548	1.0	493	75	0.22082
LHX4	218	0.16398	0.93223	1.0	293	72	0.22082	0.54869	0.92548	1.0	503	75	0.22082
EMX2	218	0.16398	0.93223	1.0	294	72	0.22082	0.54869	0.92548	1.0	506	75	0.22082
ZNF549	248	0.16489	0.93256	1.0	295	81	0.14392	0.20684	0.65677	0.987084	358	97	0.14392
ESX1	249	0.16685	0.93345	1.0	296	79	0.23642	0.59697	0.94267	1.0	523	89	0.23642
GFI1	2	0.17255	0.2938	1.0	297	1	0.50133	0.26307	0.31615	0.778183	385	1	0.50133
FOXC2	10	0.17287	0.56992	1.0	298	3	0.025923	0.59558	0.81636	1.0	522	3	0.025923
HOXA10	5	0.17383	0.4443	1.0	299	1	1.2418	0.086813	0.20439	0.703447	236	4	1.2418
KLF16	44	0.17386	0.83476	1.0	300	13	0.15402	0.0094684	0.089386	0.450595	96	18	0.15402
HES2	46	0.17394	0.84358	1.0	301	13	0.36559	0.10018	0.3954	0.860577	269	18	0.36559
ZFX	103	0.17522	0.93694	1.0	302	32	0.14332	0.10922	0.44415	0.881816	277	42	0.14332
IKZF2	2538	0.17883	0.93835	1.0	303	725	0.41401	0.00085056	0.010762	0.137894	47	1113	0.41401
MYF5	53	0.18095	0.86762	1.0	304	10	1.1088	0.00011787	0.0019185	0.036871	30	28	1.1088
BHLHA15	53	0.18095	0.86762	1.0	305	10	1.1088	0.00011787	0.0019185	0.036871	31	28	1.1088
RBPJ	1715	0.18288	0.94046	1.0	306	465	0.42785	0.001022	0.013459	0.165549	48	763	0.42785
SOX18	228	0.18328	0.94065	1.0	307	75	0.30709	0.050616	0.2944	0.772636	193	92	0.30709
ZNF8	3	0.18639	0.38064	1.0	308	2	-0.68884	0.70117	0.70167	1.0	544	1	-0.68884
FOS::JUN	39	0.18776	0.82343	1.0	309	9	0.16413	0.46257	0.84069	1.0	471	14	0.16413
FOSB::JUNB	39	0.18776	0.82343	1.0	310	9	0.16413	0.46257	0.84069	1.0	468	14	0.16413
FOSL2::JUND	39	0.18776	0.82343	1.0	311	9	0.16413	0.46257	0.84069	1.0	470	14	0.16413
FOSL2::JUNB	39	0.18776	0.82343	1.0	312	9	0.16413	0.46257	0.84069	1.0	469	14	0.16413
HES6	6	0.18834	0.49308	1.0	313	2	0.072252	0.43078	0.63812	0.98313	459	1	0.072252
DMRTA1	9	0.19276	0.57868	1.0	314	2	0.94123	0.1636	0.37636	0.860577	334	5	0.94123
TBR1	24	0.19286	0.7433	1.0	315	8	0.7765	0.18566	0.50471	0.881816	348	12	0.7765
TBX18	24	0.19286	0.7433	1.0	316	8	0.7765	0.18566	0.50471	0.881816	345	12	0.7765
EOMES	24	0.19286	0.7433	1.0	317	8	0.7765	0.18566	0.50471	0.881816	346	12	0.7765
TBX3	24	0.19286	0.7433	1.0	318	8	0.7765	0.18566	0.50471	0.881816	347	12	0.7765
TBX2	24	0.19286	0.7433	1.0	319	8	0.7765	0.18566	0.50471	0.881816	343	12	0.7765
TBX6	24	0.19286	0.7433	1.0	320	8	0.7765	0.18566	0.50471	0.881816	344	12	0.7765
ZIC3	984	0.19697	0.94695	1.0	321	274	0.47788	0.00011134	0.0013038	0.027649	29	450	0.47788
ZIC1::ZIC2	984	0.19697	0.94695	1.0	322	274	0.47788	0.00011134	0.0013038	0.027649	28	450	0.47788
GATA5	374	0.19824	0.94905	1.0	323	116	0.085744	0.94783	0.99907	1.0	598	112	0.085744
MSGN1	17	0.19826	0.68646	1.0	324	7	-0.41013	0.57387	0.85609	1.0	518	4	-0.41013
ZNF189	39	0.20091	0.83397	1.0	325	11	0.35572	0.30251	0.69883	1.0	406	15	0.35572
TEAD2	181	0.20161	0.94995	1.0	326	59	-0.14731	0.95807	0.99938	1.0	600	53	-0.14731
ZNF331	23	0.20376	0.74167	1.0	327	4	0.25702	0.41115	0.76358	1.0	454	9	0.25702
ZNF768	73	0.20422	0.92396	1.0	328	14	0.87729	0.00049863	0.0065883	0.101296	43	37	0.87729
BATF3	422	0.20471	0.95177	1.0	329	135	0.041142	0.025279	0.20812	0.703447	149	155	0.041142
BATF::JUN	422	0.20471	0.95177	1.0	330	135	0.041142	0.025279	0.20812	0.703447	148	155	0.041142
BNC2	422	0.20471	0.95177	1.0	331	135	0.041142	0.025279	0.20812	0.703447	147	155	0.041142
BATF	422	0.20471	0.95177	1.0	332	135	0.041142	0.025279	0.20812	0.703447	146	155	0.041142
HOXA7	816	0.206	0.9531	1.0	333	238	0.39777	0.026698	0.2137	0.706579	154	347	0.39777
MEIS1	3782	0.20791	0.95365	1.0	334	1155	0.19792	0.1335	0.49304	0.881816	292	1494	0.19792
HOXA9	31	0.20873	0.81122	1.0	335	7	0.69425	0.081363	0.33482	0.801212	227	17	0.69425
HEY2	55	0.21073	0.89685	1.0	336	17	0.22518	0.1537	0.52709	0.898349	330	19	0.22518
ARX	10	0.21171	0.61831	1.0	337	4	-0.18055	0.13021	0.33093	0.798123	289	3	-0.18055
ZNF341	122	0.21594	0.95624	1.0	338	38	0.31114	0.053842	0.3078	0.772636	199	55	0.31114
MEF2C	17	0.21642	0.71042	1.0	339	7	-0.21321	0.94504	0.98813	1.0	596	4	-0.21321
NFIA	783	0.21801	0.95667	1.0	340	238	0.22031	0.36716	0.81814	1.0	426	311	0.22031
NFIX	783	0.21801	0.95667	1.0	341	238	0.22031	0.36716	0.81814	1.0	427	311	0.22031
SMAD2	1450	0.21801	0.95667	1.0	342	412	0.29122	0.067394	0.33824	0.806261	220	600	0.29122
NR2E1	15	0.21855	0.69672	1.0	343	4	0.43634	0.67477	0.89543	1.0	533	4	0.43634
PAX4	22	0.21959	0.75395	1.0	344	7	-0.0055921	0.9401	0.9919	1.0	591	6	-0.0055921
SPIC	6	0.22108	0.5264	1.0	345	2	0.14404	0.046719	0.13965	0.617893	185	2	0.14404
ARID5A	71	0.22108	0.92926	1.0	346	21	0.35961	0.074834	0.33449	0.801212	225	33	0.35961
PRDM14	17	0.22403	0.72271	1.0	347	7	0.56279	0.52872	0.82314	1.0	491	7	0.56279
FOXH1	31	0.22482	0.82472	1.0	348	10	-0.035943	0.51239	0.85571	1.0	484	12	-0.035943
SOX5	46	0.22757	0.88145	1.0	349	15	0.064285	0.20664	0.58376	0.944777	357	19	0.064285
DMRT3	144	0.23311	0.96033	1.0	350	44	-0.055937	0.96365	0.99956	1.0	602	47	-0.055937
PTF1A	329	0.23357	0.96059	1.0	351	91	0.32166	0.02028	0.18907	0.703447	133	145	0.32166
ZNF692	370	0.23403	0.96177	1.0	352	116	0.29995	0.063636	0.32965	0.798123	215	150	0.29995
SRY	291	0.23644	0.96298	1.0	353	93	0.19645	0.45503	0.8799	1.0	466	114	0.19645
NKX2-5	206	0.23737	0.96322	1.0	354	47	0.6098	0.0029072	0.027598	0.23905	65	100	0.6098
PAX5	38	0.23913	0.86061	1.0	355	12	0.090237	0.43354	0.82209	1.0	460	13	0.090237
TBX5	205	0.24377	0.96553	1.0	356	52	0.58579	0.017673	0.17829	0.699436	129	98	0.58579
TBX15	205	0.24377	0.96553	1.0	357	52	0.58579	0.017673	0.17829	0.699436	127	98	0.58579
MGA	205	0.24377	0.96553	1.0	358	52	0.58579	0.017673	0.17829	0.699436	128	98	0.58579
TBX1	205	0.24377	0.96553	1.0	359	52	0.58579	0.017673	0.17829	0.699436	126	98	0.58579
TBX4	205	0.24377	0.96553	1.0	360	52	0.58579	0.017673	0.17829	0.699436	130	98	0.58579
CREB1	40	0.24661	0.87674	1.0	361	11	0.11343	0.1377	0.46293	0.881816	317	14	0.11343
TFDP1	151	0.24783	0.96663	1.0	362	48	0.49377	0.014195	0.087036	0.446062	117	72	0.49377
ETV1	59	0.24815	0.92575	1.0	363	20	-0.012338	0.47552	0.86967	1.0	475	20	-0.012338
ZNF175	59	0.24815	0.92575	1.0	364	20	-0.012338	0.47552	0.86967	1.0	476	20	-0.012338
PKNOX1	16	0.25072	0.7418	1.0	365	3	-0.23849	0.93852	0.98489	1.0	590	3	-0.23849
REL	23	0.25274	0.79372	1.0	366	7	0.21822	0.17071	0.48493	0.881816	339	6	0.21822
ATF3	427	0.25332	0.96778	1.0	367	135	0.076649	0.029786	0.23241	0.721868	157	159	0.076649
HOXD13	163	0.25493	0.96815	1.0	368	45	0.35101	0.17359	0.60797	0.966148	341	70	0.35101
HOXD3	20	0.25592	0.77558	1.0	369	4	1.2633	0.015277	0.078113	0.428033	121	12	1.2633
LHX1	8	0.25595	0.61433	1.0	370	3	0.51956	0.42981	0.68365	1.0	458	4	0.51956
CEBPD	67	0.26406	0.94259	1.0	371	19	0.30707	0.035147	0.20817	0.703447	168	27	0.30707
STAT2	17	0.27097	0.76649	1.0	372	5	0.22174	0.44418	0.76216	1.0	464	7	0.22174
FOXA1	32	0.27193	0.8538	1.0	373	9	0.044068	0.83458	0.98039	1.0	564	10	0.044068
HOXA6	127	0.27333	0.97344	1.0	374	39	0.37306	0.044404	0.27637	0.772636	183	51	0.37306
EN2	90	0.27551	0.96643	1.0	375	25	0.38428	0.53626	0.91914	1.0	492	35	0.38428
HMGA1	187	0.27654	0.97395	1.0	376	57	0.2937	0.47483	0.89062	1.0	474	75	0.2937
BARX1	354	0.28147	0.97472	1.0	377	105	0.39147	0.087779	0.38921	0.860577	243	146	0.39147
MSX1	354	0.28147	0.97472	1.0	378	105	0.39147	0.087779	0.38921	0.860577	242	146	0.39147
MSX2	354	0.28147	0.97472	1.0	379	105	0.39147	0.087779	0.38921	0.860577	244	146	0.39147
MSX3	354	0.28147	0.97472	1.0	380	105	0.39147	0.087779	0.38921	0.860577	240	146	0.39147
LHX2	354	0.28147	0.97472	1.0	381	105	0.39147	0.087779	0.38921	0.860577	239	146	0.39147
DLX1	354	0.28147	0.97472	1.0	382	105	0.39147	0.087779	0.38921	0.860577	238	146	0.39147
BSX	354	0.28147	0.97472	1.0	383	105	0.39147	0.087779	0.38921	0.860577	241	146	0.39147
EBF4	11	0.28933	0.7119	1.0	384	2	1.9175	0.0042135	0.026943	0.236716	73	8	1.9175
EBF1	11	0.28933	0.7119	1.0	385	2	1.9175	0.0042135	0.026943	0.236716	74	8	1.9175
JUNB	23	0.28961	0.82282	1.0	386	5	0.51073	0.20723	0.53901	0.898349	361	10	0.51073
FOS::JUNB	23	0.28961	0.82282	1.0	387	5	0.51073	0.20723	0.53901	0.898349	360	10	0.51073
FOSL1	23	0.28961	0.82282	1.0	388	5	0.51073	0.20723	0.53901	0.898349	363	10	0.51073
NFE2	23	0.28961	0.82282	1.0	389	5	0.51073	0.20723	0.53901	0.898349	362	10	0.51073
JUND	23	0.28961	0.82282	1.0	390	5	0.51073	0.20723	0.53901	0.898349	359	10	0.51073
BACH1	23	0.28961	0.82282	1.0	391	5	0.51073	0.20723	0.53901	0.898349	364	10	0.51073
STAT4	26	0.29404	0.84687	1.0	392	7	0.44232	0.026511	0.12896	0.580314	153	11	0.44232
PRDM1	594	0.29433	0.97717	1.0	393	172	0.25319	0.5564	0.92733	1.0	510	238	0.25319
FOXS1	53	0.29593	0.93041	1.0	394	14	0.25616	0.16998	0.54439	0.901841	337	24	0.25616
EWSR1-FLI1	10	0.298	0.69705	1.0	395	3	0.063426	0.74094	0.89099	1.0	555	3	0.063426
TLX2	571	0.29832	0.97751	1.0	396	176	0.29597	0.13485	0.49713	0.881816	306	221	0.29597
NOBOX	571	0.29832	0.97751	1.0	397	176	0.29597	0.13485	0.49713	0.881816	309	221	0.29597
SHOX2	571	0.29832	0.97751	1.0	398	176	0.29597	0.13485	0.49713	0.881816	308	221	0.29597
ALX3	571	0.29832	0.97751	1.0	399	176	0.29597	0.13485	0.49713	0.881816	296	221	0.29597
HOXB2	571	0.29832	0.97751	1.0	400	176	0.29597	0.13485	0.49713	0.881816	297	221	0.29597
DLX3	571	0.29832	0.97751	1.0	401	176	0.29597	0.13485	0.49713	0.881816	307	221	0.29597
VAX2	571	0.29832	0.97751	1.0	402	176	0.29597	0.13485	0.49713	0.881816	304	221	0.29597
UNCX	571	0.29832	0.97751	1.0	403	176	0.29597	0.13485	0.49713	0.881816	305	221	0.29597
DLX4	571	0.29832	0.97751	1.0	404	176	0.29597	0.13485	0.49713	0.881816	310	221	0.29597
HESX1	571	0.29832	0.97751	1.0	405	176	0.29597	0.13485	0.49713	0.881816	302	221	0.29597
DLX6	571	0.29832	0.97751	1.0	406	176	0.29597	0.13485	0.49713	0.881816	298	221	0.29597
EN1	571	0.29832	0.97751	1.0	407	176	0.29597	0.13485	0.49713	0.881816	299	221	0.29597
RAX2	571	0.29832	0.97751	1.0	408	176	0.29597	0.13485	0.49713	0.881816	314	221	0.29597
SHOX	571	0.29832	0.97751	1.0	409	176	0.29597	0.13485	0.49713	0.881816	311	221	0.29597
GBX2	571	0.29832	0.97751	1.0	410	176	0.29597	0.13485	0.49713	0.881816	295	221	0.29597
NKX6-2	571	0.29832	0.97751	1.0	411	176	0.29597	0.13485	0.49713	0.881816	313	221	0.29597
PRRX1	571	0.29832	0.97751	1.0	412	176	0.29597	0.13485	0.49713	0.881816	312	221	0.29597
RAX	571	0.29832	0.97751	1.0	413	176	0.29597	0.13485	0.49713	0.881816	315	221	0.29597
MIXL1	571	0.29832	0.97751	1.0	414	176	0.29597	0.13485	0.49713	0.881816	301	221	0.29597
ISX	571	0.29832	0.97751	1.0	415	176	0.29597	0.13485	0.49713	0.881816	300	221	0.29597
LBX2	571	0.29832	0.97751	1.0	416	176	0.29597	0.13485	0.49713	0.881816	303	221	0.29597
FOSL2	60	0.30102	0.94786	1.0	417	17	0.38354	0.13758	0.5034	0.881816	316	28	0.38354
DDIT3::CEBPA	5	0.30441	0.56876	1.0	418	2	3.6716	0.012561	0.043402	0.308862	104	3	3.6716
FOXN3	50	0.30547	0.93115	1.0	419	13	0.054339	0.88569	0.99343	1.0	578	16	0.054339
BARHL1	109	0.30622	0.97823	1.0	420	34	0.34004	0.11574	0.45438	0.881816	280	41	0.34004
BARHL2	109	0.30622	0.97823	1.0	421	34	0.34004	0.11574	0.45438	0.881816	279	41	0.34004
KLF3	30	0.30822	0.87165	1.0	422	10	0.34785	0.51571	0.85059	1.0	486	12	0.34785
ETV2	10	0.30826	0.70341	1.0	423	4	0.0093674	0.46462	0.7302	1.0	472	4	0.0093674
GSX2	263	0.31003	0.97907	1.0	424	78	0.21142	0.1057	0.43892	0.881816	272	89	0.21142
DBP	6	0.31636	0.61159	1.0	425	2	0.091272	0.26658	0.45998	0.881816	386	3	0.091272
HOXB6	340	0.31837	0.97997	1.0	426	98	0.32557	0.014027	0.085876	0.443815	116	128	0.32557
TFEC	38	0.32128	0.9088	1.0	427	10	0.25555	0.035465	0.18053	0.699436	173	16	0.25555
ARNTL	38	0.32128	0.9088	1.0	428	10	0.25555	0.035465	0.18053	0.699436	172	16	0.25555
ARNT2	38	0.32128	0.9088	1.0	429	10	0.25555	0.035465	0.18053	0.699436	170	16	0.25555
TFEB	38	0.32128	0.9088	1.0	430	10	0.25555	0.035465	0.18053	0.699436	171	16	0.25555
OSR1	48	0.32246	0.93225	1.0	431	9	0.51231	0.033901	0.18436	0.703447	166	21	0.51231
KLF5	349	0.32507	0.981	1.0	432	93	0.67073	3.0457e-06	0.00018342	0.00705	10	175	0.67073
DMRT1	8	0.33736	0.67786	1.0	433	1	1.3489	0.039954	0.12927	0.580314	179	4	1.3489
ELF1	83	0.34119	0.97562	1.0	434	19	0.63287	0.10009	0.41309	0.868091	268	39	0.63287
EHF	83	0.34119	0.97562	1.0	435	19	0.63287	0.10009	0.41309	0.868091	266	39	0.63287
IKZF3	83	0.34119	0.97562	1.0	436	19	0.63287	0.10009	0.41309	0.868091	265	39	0.63287
ELF3	83	0.34119	0.97562	1.0	437	19	0.63287	0.10009	0.41309	0.868091	267	39	0.63287
HEY1	12	0.3412	0.76515	1.0	438	2	1.6989	0.021236	0.083725	0.441686	137	6	1.6989
HES5	12	0.3412	0.76515	1.0	439	2	1.6989	0.021236	0.083725	0.441686	136	6	1.6989
CDX4	11	0.34303	0.74801	1.0	440	3	0.68933	0.014379	0.059474	0.366609	119	6	0.68933
HOXD9	11	0.34303	0.74801	1.0	441	3	0.68933	0.014379	0.059474	0.366609	118	6	0.68933
LHX5	150	0.34335	0.98275	1.0	442	46	0.22563	0.35814	0.80962	1.0	422	52	0.22563
HOXA3	150	0.34335	0.98275	1.0	443	46	0.22563	0.35814	0.80962	1.0	421	52	0.22563
MEOX1	150	0.34335	0.98275	1.0	444	46	0.22563	0.35814	0.80962	1.0	420	52	0.22563
HOXD8	227	0.34681	0.98314	1.0	445	66	0.41483	0.047554	0.28693	0.772636	188	91	0.41483
HOXB8	227	0.34681	0.98314	1.0	446	66	0.41483	0.047554	0.28693	0.772636	189	91	0.41483
FOXJ2::ELF1	30	0.3469	0.89803	1.0	447	9	0.55871	0.0072356	0.064609	0.366609	83	15	0.55871
TFCP2L1	1	0.34887	0.38691	1.0	448	0	-0.33387	0.65113	0.61309	0.966323	530	0	-0.33387
HAND1	15	0.35041	0.80431	1.0	449	5	-0.17237	0.5489	0.82195	1.0	507	5	-0.17237
NR1I3	37	0.35614	0.91931	1.0	450	10	0.13004	0.067459	0.26986	0.768363	221	14	0.13004
ZBTB18	14	0.35692	0.80409	1.0	451	5	0.062507	0.23435	0.52571	0.898349	375	6	0.062507
HAND1::TCF3	80	0.35977	0.97733	1.0	452	19	0.49759	0.0036888	0.028282	0.241574	68	38	0.49759
ONECUT3	3	0.36229	0.50853	1.0	453	1	-0.036261	0.29568	0.42617	0.881816	403	1	-0.036261
NFATC1	1290	0.36712	0.98553	1.0	454	386	0.24629	0.36495	0.8167	1.0	424	503	0.24629
NFATC3	1290	0.36712	0.98553	1.0	455	386	0.24629	0.36495	0.8167	1.0	425	503	0.24629
ELF2	2	0.36922	0.43164	1.0	456	1	2.8309	0.029476	0.049043	0.335129	156	1	2.8309
FOSL2::JUN	83	0.36946	0.98025	1.0	457	18	0.49183	0.034722	0.22988	0.721013	167	37	0.49183
HINFP	40	0.37229	0.93556	1.0	458	8	1.3517	0.0017353	0.011883	0.149141	54	26	1.3517
NR2F2	365	0.37359	0.98635	1.0	459	113	0.17377	0.2032	0.64743	0.98313	356	148	0.17377
PPARA	365	0.37359	0.98635	1.0	460	113	0.17377	0.2032	0.64743	0.98313	355	148	0.17377
ZNF317	104	0.3834	0.98759	1.0	461	28	0.03163	0.24258	0.70427	1.0	378	39	0.03163
splice_essential_liu	491	0.38418	0.9876	1.0	462	94	1.3101	1.8928e-21	4.9574e-06	0.000436	3	302	1.3101
FEZF2	415	0.385	0.98776	1.0	463	101	0.61292	0.0040904	0.034439	0.275063	70	197	0.61292
HIC2	2449	0.38667	0.98817	1.0	464	722	0.37503	0.0011769	0.01459	0.166159	49	1073	0.37503
MEF2A	14	0.38847	0.82016	1.0	465	5	-0.11746	0.91763	0.97662	1.0	586	3	-0.11746
TBX21	6	0.39157	0.67103	1.0	466	2	0.95998	0.12451	0.27914	0.772636	285	4	0.95998
IRF1	6	0.39653	0.67429	1.0	467	2	0.12969	0.56941	0.72653	1.0	516	2	0.12969
FOXD2	11	0.40154	0.78503	1.0	468	2	0.36245	0.4699	0.73341	1.0	473	5	0.36245
NR1H2	1503	0.40233	0.98968	1.0	469	442	0.28932	0.081639	0.37408	0.860577	229	628	0.28932
NR1H4	1503	0.40233	0.98968	1.0	470	442	0.28932	0.081639	0.37408	0.860577	228	628	0.28932
BCL11B	25	0.40439	0.89903	1.0	471	5	0.7428	0.20051	0.53574	0.898349	353	12	0.7428
FOSL1::JUN	28	0.40453	0.91237	1.0	472	5	0.76391	0.06277	0.26657	0.767595	213	14	0.76391
JDP2	28	0.40453	0.91237	1.0	473	5	0.76391	0.06277	0.26657	0.767595	212	14	0.76391
FOXP2	79	0.40789	0.98366	1.0	474	21	0.027921	0.31935	0.76328	1.0	411	32	0.027921
JUN	77	0.41248	0.98317	1.0	475	23	-0.051539	0.36229	0.79864	1.0	423	25	-0.051539
ERG	21	0.41296	0.88631	1.0	476	7	-0.012338	0.73213	0.93562	1.0	552	7	-0.012338
GABPA	21	0.41296	0.88631	1.0	477	7	-0.012338	0.73213	0.93562	1.0	551	7	-0.012338
PLAGL1	239	0.42518	0.9906	1.0	478	67	0.30087	0.01262	0.079045	0.428033	110	100	0.30087
stop_codon_wang	400	0.42556	0.99061	1.0	479	52	1.8102	1.97e-32	4.9574e-06	0.000436	2	281	1.8102
NFATC4	73	0.42919	0.98251	1.0	480	23	0.16282	0.67213	0.95988	1.0	531	23	0.16282
MYCN	31	0.43031	0.93113	1.0	481	7	2.3266	2.6562e-05	0.00051061	0.014101	20	22	2.3266
HOXB13	5	0.43445	0.6817	1.0	482	1	3.6693	0.012123	0.043253	0.308862	103	4	3.6693
DLX2	4	0.43609	0.62665	1.0	483	1	2.2462	0.066497	0.14304	0.623919	218	3	2.2462
DLX5	4	0.43609	0.62665	1.0	484	1	2.2462	0.066497	0.14304	0.623919	219	3	2.2462
ZNF281	44	0.4361	0.96038	1.0	485	12	0.49681	0.0045637	0.032843	0.265765	77	19	0.49681
ZNF148	44	0.4361	0.96038	1.0	486	12	0.49681	0.0045637	0.032843	0.265765	76	19	0.49681
ZNF24	3	0.44551	0.55235	1.0	487	1	-0.40804	0.55238	0.60124	0.965751	509	1	-0.40804
SP3	17	0.45816	0.87712	1.0	488	4	0.0068362	0.87678	0.97318	1.0	571	5	0.0068362
ONECUT2	19	0.45927	0.89411	1.0	489	6	0.80838	0.1432	0.41358	0.868091	320	10	0.80838
ZBTB7C	23	0.4594	0.91645	1.0	490	6	0.85515	0.0027218	0.017485	0.179217	64	12	0.85515
FOXL1	375	0.46161	0.99263	1.0	491	109	0.17188	0.34784	0.80377	1.0	417	150	0.17188
BACH2	13	0.46206	0.83644	1.0	492	2	0.51073	0.094639	0.28751	0.772636	261	5	0.51073
GLI1	6	0.46436	0.72763	1.0	493	2	1.4425	0.071005	0.18259	0.701848	224	4	1.4425
INSM1	2	0.4688	0.53489	1.0	494	1	-0.14274	0.72604	0.69522	1.0	548	0	-0.14274
RUNX2	12	0.49146	0.85018	1.0	495	3	1.4442	0.025918	0.11143	0.522411	151	7	1.4442
CREB3L4	31	0.5155	0.95551	1.0	496	5	0.48478	0.51422	0.85606	1.0	485	12	0.48478
PHOX2A	4	0.51682	0.65277	1.0	497	1	0.88859	0.26944	0.42974	0.881816	389	2	0.88859
NKX2-2	84	0.53425	0.99384	1.0	498	22	0.68852	0.0017908	0.018526	0.185435	56	42	0.68852
NHLH1	20	0.5584	0.93202	1.0	499	5	1.4986	0.016987	0.084211	0.441686	125	12	1.4986
ZNF680	6	0.55874	0.7884	1.0	500	2	0.063745	0.73608	0.83318	1.0	553	2	0.063745
ASCL2	43	0.56536	0.97994	1.0	501	7	0.54762	0.037325	0.19402	0.703447	175	20	0.54762
RFX6	3	0.56555	0.63863	1.0	502	1	-0.25938	0.91537	0.89357	1.0	585	0	-0.25938
SREBF2	13	0.5768	0.89787	1.0	503	3	2.1503	0.001899	0.0092951	0.121627	57	9	2.1503
POU4F2	3	0.57986	0.6505	1.0	504	1	1.4552	0.099402	0.18597	0.703447	264	2	1.4552
THRB	1	0.5975	0.61359	1.0	505	0	0.75256	0.4025	0.38641	0.860577	452	1	0.75256
GATA2	278	0.60044	0.99724	1.0	506	73	0.22377	0.17119	0.60458	0.965751	340	101	0.22377
FOXA3	175	0.60264	0.99725	1.0	507	45	0.25616	0.39024	0.83049	1.0	449	71	0.25616
FOXD1	175	0.60264	0.99725	1.0	508	45	0.25616	0.39024	0.83049	1.0	448	71	0.25616
FOXP4	175	0.60264	0.99725	1.0	509	45	0.25616	0.39024	0.83049	1.0	450	71	0.25616
FOXO6	175	0.60264	0.99725	1.0	510	45	0.25616	0.39024	0.83049	1.0	447	71	0.25616
FOXP3	175	0.60264	0.99725	1.0	511	45	0.25616	0.39024	0.83049	1.0	446	71	0.25616
FOXK1	175	0.60264	0.99725	1.0	512	45	0.25616	0.39024	0.83049	1.0	444	71	0.25616
FOXF1	175	0.60264	0.99725	1.0	513	45	0.25616	0.39024	0.83049	1.0	442	71	0.25616
FOXO3	175	0.60264	0.99725	1.0	514	45	0.25616	0.39024	0.83049	1.0	441	71	0.25616
FOXO1	175	0.60264	0.99725	1.0	515	45	0.25616	0.39024	0.83049	1.0	443	71	0.25616
FOXK2	175	0.60264	0.99725	1.0	516	45	0.25616	0.39024	0.83049	1.0	439	71	0.25616
FOXP1	175	0.60264	0.99725	1.0	517	45	0.25616	0.39024	0.83049	1.0	440	71	0.25616
FOXI1	175	0.60264	0.99725	1.0	518	45	0.25616	0.39024	0.83049	1.0	438	71	0.25616
FOXO4	175	0.60264	0.99725	1.0	519	45	0.25616	0.39024	0.83049	1.0	445	71	0.25616
CREB3	1	0.62456	0.63693	1.0	520	0	0.7303	0.37544	0.36307	0.855516	432	1	0.7303
FOXE1	2	0.63127	0.66999	1.0	521	0	0.17723	0.63125	0.61436	0.966323	527	1	0.17723
CTCF	2	0.63668	0.67411	1.0	522	0	0.23488	0.72974	0.69846	1.0	550	0	0.23488
FOXA2	141	0.64226	0.99791	1.0	523	36	0.25162	0.25026	0.71295	1.0	380	59	0.25162
ONECUT1	16	0.64553	0.93649	1.0	524	2	1.2606	0.054388	0.20358	0.703447	201	10	1.2606
HIC1	68	0.64685	0.995	1.0	525	14	0.26385	0.33402	0.76653	1.0	414	27	0.26385
ZNF416	17	0.64905	0.94276	1.0	526	4	0.73925	0.051712	0.20787	0.703447	197	8	0.73925
MGA::EVX1	3	0.67223	0.7244	1.0	527	0	0.4515	0.6162	0.63625	0.98313	525	1	0.4515
ZBTB7B	1	0.68736	0.69766	1.0	528	0	1.5061	0.31264	0.30234	0.772636	409	1	1.5061
ZIC2	123	0.69868	0.99876	1.0	529	28	1.1513	0.00023058	0.0059439	0.096197	37	69	1.1513
ZNF93	6	0.70066	0.83042	1.0	530	1	1.0972	0.083646	0.2096	0.704402	232	4	1.0972
FLI1	29	0.7109	0.9822	1.0	531	7	0.67259	0.14399	0.44814	0.881816	326	15	0.67259
ETS1	29	0.7109	0.9822	1.0	532	7	0.67259	0.14399	0.44814	0.881816	327	15	0.67259
NR1H3	3405	0.71388	0.99905	1.0	533	958	0.36775	0.00022649	0.005934	0.096197	36	1493	0.36775
JUN::JUNB	153	0.71448	0.99905	1.0	534	39	0.52925	0.0096835	0.063846	0.366609	97	74	0.52925
FOS	177	0.71918	0.99909	1.0	535	43	0.41707	0.025947	0.21122	0.705975	152	79	0.41707
KLF9	1	0.72287	0.73075	1.0	536	0	1.2983	0.27713	0.26925	0.768363	392	1	1.2983
PPARG::RXRA	7	0.73253	0.87278	1.0	537	1	0.28782	0.72021	0.83322	1.0	547	2	0.28782
OSR2	67	0.75502	0.99825	1.0	538	12	0.96641	0.019911	0.1557	0.660617	132	36	0.96641
TCF21	15	0.75686	0.96031	1.0	539	3	1.2083	0.0074788	0.044195	0.308862	84	10	1.2083
STAT1::STAT2	8	0.7652	0.90521	1.0	540	1	2.4013	0.013748	0.050253	0.337454	115	6	2.4013
BARX2	32	0.76718	0.98939	1.0	541	8	0.23091	1.6396e-05	0.00045112	0.013211	18	13	0.23091
NKX3-2	6	0.77033	0.85676	1.0	542	1	-0.33544	0.90629	0.91242	1.0	583	1	-0.33544
ETV5::FOXI1	4	0.77046	0.81464	1.0	543	0	0.68917	0.10878	0.21302	0.706579	276	2	0.68917
ZIM3	3	0.77209	0.80861	1.0	544	0	2.3891	0.042523	0.096257	0.473585	181	2	2.3891
LHX3	2	0.77462	0.80225	1.0	545	0	0.49753	0.67628	0.65184	0.987084	534	0	0.49753
CREM	3	0.77814	0.80862	1.0	546	0	0.22163	0.4395	0.53108	0.898349	462	1	0.22163
ZBED2	73	0.78008	0.99905	1.0	547	16	1.3535	3.6282e-05	0.00054035	0.014101	21	45	1.3535
ATF4	5	0.78366	0.84518	1.0	548	1	-0.22837	0.90098	0.89661	1.0	580	1	-0.22837
CEBPG	5	0.78366	0.84518	1.0	549	1	-0.22837	0.90098	0.89661	1.0	581	1	-0.22837
MYF6	15	0.79159	0.96559	1.0	550	2	2.8264	2.2314e-05	0.00016359	0.00705	19	12	2.8264
MEOX2	76	0.81001	0.99943	1.0	551	17	0.44181	0.057764	0.29022	0.772636	208	33	0.44181
HOXB7	76	0.81001	0.99943	1.0	552	17	0.44181	0.057764	0.29022	0.772636	209	33	0.44181
HOXB1	76	0.81001	0.99943	1.0	553	17	0.44181	0.057764	0.29022	0.772636	207	33	0.44181
XBP1	2	0.81075	0.82948	1.0	554	0	1.8469	0.38056	0.41328	0.868091	433	1	1.8469
FOXL2	8	0.81386	0.91404	1.0	555	1	0.67395	0.28912	0.53297	0.898349	395	4	0.67395
YY2	138	0.8321	0.99984	1.0	556	33	1.0282	0.0001367	0.0015318	0.031402	32	76	1.0282
ZBTB11	17	0.83247	0.97939	1.0	557	2	1.5622	0.010518	0.060554	0.366609	100	11	1.5622
ZBTB7A	17	0.83247	0.97939	1.0	558	2	1.5622	0.010518	0.060554	0.366609	99	11	1.5622
FOSL1::JUND	151	0.83641	0.99985	1.0	559	32	0.52925	0.0083374	0.057907	0.366609	87	73	0.52925
CDX1	2	0.84024	0.85411	1.0	560	0	1.7402	0.15976	0.25001	0.750045	331	2	1.7402
ETV5::FOXO1	5	0.84111	0.88096	1.0	561	0	1.3504	0.13407	0.2671	0.767595	294	3	1.3504
ERF::FOXO1	5	0.84111	0.88096	1.0	562	0	1.3504	0.13407	0.2671	0.767595	293	3	1.3504
SPI1	10	0.84365	0.95203	1.0	563	1	0.11251	0.84522	0.93761	1.0	568	3	0.11251
ZNF740	20	0.84904	0.98688	1.0	564	3	0.446	0.1605	0.44644	0.881816	332	8	0.446
HOXC10	2	0.85644	0.86692	1.0	565	0	1.1562	0.14356	0.22953	0.721013	321	2	1.1562
HOXD11	2	0.85644	0.86692	1.0	566	0	1.1562	0.14356	0.22953	0.721013	323	2	1.1562
HOXA11	2	0.85644	0.86692	1.0	567	0	1.1562	0.14356	0.22953	0.721013	325	2	1.1562
HOXB9	2	0.85644	0.86692	1.0	568	0	1.1562	0.14356	0.22953	0.721013	324	2	1.1562
HOXC9	2	0.85644	0.86692	1.0	569	0	1.1562	0.14356	0.22953	0.721013	322	2	1.1562
NR6A1	1	0.85828	0.86683	1.0	570	0	2.2238	0.14172	0.13317	0.593474	319	1	2.2238
ERF	19	0.85996	0.98739	1.0	571	3	1.2128	0.093127	0.30747	0.772636	260	11	1.2128
ELK3	19	0.85996	0.98739	1.0	572	3	1.2128	0.093127	0.30747	0.772636	258	11	1.2128
ELK1	19	0.85996	0.98739	1.0	573	3	1.2128	0.093127	0.30747	0.772636	257	11	1.2128
ETV3	19	0.85996	0.98739	1.0	574	3	1.2128	0.093127	0.30747	0.772636	255	11	1.2128
FEV	19	0.85996	0.98739	1.0	575	3	1.2128	0.093127	0.30747	0.772636	259	11	1.2128
ETV5	19	0.85996	0.98739	1.0	576	3	1.2128	0.093127	0.30747	0.772636	256	11	1.2128
ETV4	19	0.85996	0.98739	1.0	577	3	1.2128	0.093127	0.30747	0.772636	254	11	1.2128
ETV6	50	0.86037	0.9988	1.0	578	11	1.1142	0.00054654	0.005349	0.091379	44	28	1.1142
ZNF35	119	0.86373	0.99989	1.0	579	27	0.2822	0.1085	0.44336	0.881816	274	42	0.2822
HOXA13	18	0.8715	0.9863	1.0	580	1	1.1817	0.013566	0.070142	0.392156	112	12	1.1817
NRF1	6	0.87337	0.91332	1.0	581	1	-0.082739	0.90946	0.9147	1.0	584	1	-0.082739
VENTX	10	0.87452	0.95796	1.0	582	1	-0.065768	0.90184	0.95885	1.0	582	2	-0.065768
ZSCAN29	2	0.87494	0.87782	1.0	583	0	2.2259	0.12506	0.20712	0.703447	286	2	2.2259
ZKSCAN5	160	0.87496	0.99991	1.0	584	36	0.82565	0.00015239	0.005349	0.091379	34	82	0.82565
FOXB1	2	0.87896	0.87847	1.0	585	0	0.79597	0.12104	0.2019	0.703447	284	2	0.79597
ELK4	21	0.88997	0.99173	1.0	586	2	1.5622	0.0022162	0.014024	0.165865	59	14	1.5622
ETV7	54	0.89343	0.99941	1.0	587	11	1.089	0.0006373	0.0064892	0.101296	46	31	1.089
PLAG1	6	0.89929	0.92927	1.0	588	0	1.8995	0.0044762	0.020469	0.193668	75	5	1.8995
ZBTB24	23	0.90061	0.99428	1.0	589	4	0.31722	0.22464	0.57013	0.935016	370	9	0.31722
ZNF667	2	0.901	0.90703	1.0	590	0	3.4103	0.064176	0.10757	0.51684	217	2	3.4103
ZBTB2	7	0.9196	0.94676	1.0	591	0	2.1969	0.003404	0.018694	0.185435	67	6	2.1969
SIX3	4	0.92138	0.9407	1.0	592	0	1.8999	0.0069536	0.019031	0.185737	80	2	1.8999
PBX2	6	0.9474	0.96213	1.0	593	0	2.1356	0.032229	0.099708	0.483316	160	5	2.1356
SPIB	10	0.9505	0.97658	1.0	594	1	0.34924	0.38701	0.65806	0.987084	436	5	0.34924
splice_essential_pang	628	0.95627	1.0	1.0	595	142	0.55966	0.00041964	0.0073617	0.104675	38	295	0.55966
ZFP42	6	0.95783	0.97145	1.0	596	0	0.30284	0.30294	0.50834	0.885641	407	2	0.30284
ZNF211	6	0.95987	0.97179	1.0	597	0	0.19456	0.76885	0.85718	1.0	559	1	0.19456
BHLHE41	5	0.96433	0.97569	1.0	598	0	3.1943	0.012596	0.043779	0.308862	106	4	3.1943
TFE3	5	0.96433	0.97569	1.0	599	0	3.1943	0.012596	0.043779	0.308862	108	4	3.1943
MLX	5	0.96433	0.97569	1.0	600	0	3.1943	0.012596	0.043779	0.308862	105	4	3.1943
USF2	5	0.96433	0.97569	1.0	601	0	3.1943	0.012596	0.043779	0.308862	109	4	3.1943
MITF	5	0.96433	0.97569	1.0	602	0	3.1943	0.012596	0.043779	0.308862	107	4	3.1943
CREB5	5	0.98106	0.98635	1.0	603	0	1.5257	0.032684	0.091984	0.456211	163	4	1.5257
ATF7	5	0.98106	0.98635	1.0	604	0	1.5257	0.032684	0.091984	0.456211	162	4	1.5257
ZNF707	4	0.9813	0.98196	1.0	605	0	2.1709	0.018697	0.054833	0.358751	131	4	2.1709
POU6F2	18	0.98353	0.99775	1.0	606	1	0.51361	0.42551	0.75096	1.0	456	8	0.51361
FOXF2	7	0.98502	0.98994	1.0	607	0	0.75905	0.50861	0.72113	1.0	481	3	0.75905
ZNF784	5	0.99585	0.99618	1.0	608	0	4.0075	0.0041512	0.015759	0.17622	72	5	4.0075
MSC	9	0.99662	0.99829	1.0	609	0	2.832	0.00010869	0.00062959	0.015488	27	8	2.832
splice_nonessential_pang	174	0.9979	1.0	1.0	610	28	0.99297	8.0328e-06	0.00025283	0.008638	17	98	0.99297
TFCP2	5	0.99992	0.99994	1.0	611	0	3.8174	8.2023e-05	0.00032223	0.009909	24	5	3.8174
GRHL1	5	0.99992	0.99994	1.0	612	0	3.8174	8.2023e-05	0.00032223	0.009909	25	5	3.8174
