sgrna	Gene	control_count	treatment_count	control_mean	treat_mean	LFC	control_var	adj_var	score	p.low	p.high	p.twosided	FDR	high_in_treatment
sgRNA_367	AML_TFRC-E51	20952	4233.7	20952	4233.7	-2.3068	1.3975e+08	5.919e+13	3.3275	0.00043811	0.99956	0.00087623	0.0084404	False
sgRNA_151	AML_TFRC-E28	1636.5	82.603	1636.5	82.603	-4.2918	1.2073e+06	1.7503e+10	3.2943	0.00049326	0.99951	0.00098652	0.0084404	False
sgRNA_442	AML_TFRC-E60	18981	4208.3	18981	4208.3	-2.173	1.0912e+08	4.3204e+13	3.2851	0.00050967	0.99949	0.0010193	0.0084404	False
sgRNA_389	AML_TFRC-E53	23558	6205.1	23558	6205.1	-1.9245	1.5056e+08	8.5997e+13	3.2726	0.0005328	0.99947	0.0010656	0.0084404	False
sgRNA_414	AML_TFRC-E57	23120	6436.4	23120	6436.4	-1.8446	1.3917e+08	8.1007e+13	3.2538	0.00056942	0.99943	0.0011388	0.0084404	False
sgRNA_349	AML_TFRC-E49	19420	5142.3	19420	5142.3	-1.9169	1.0193e+08	4.6467e+13	3.2386	0.00060053	0.9994	0.0012011	0.0084404	False
sgRNA_330	AML_TFRC-E47	27779	9167.8	27779	9167.8	-1.5992	1.7319e+08	1.4542e+14	3.2363	0.00060547	0.99939	0.0012109	0.0084404	False
sgRNA_179	AML_TFRC-E32	22421	6682	22421	6682	-1.7463	1.2385e+08	7.3454e+13	3.2292	0.00062078	0.99938	0.0012416	0.0084404	False
sgRNA_21	AML_TFRC-E12	13720	3109.2	13720	3109.2	-2.1413	5.6291e+07	1.5352e+13	3.2243	0.00063137	0.99937	0.0012627	0.0084404	False
sgRNA_516	AML_TFRC-E72	17516	4646.7	17516	4646.7	-1.9141	8.2806e+07	3.3442e+13	3.2206	0.00063957	0.99936	0.0012791	0.0084404	False
NonTarget_51	NonTarget_51	17100	4515.6	17100	4515.6	-1.9207	7.918e+07	3.0976e+13	3.2179	0.00064578	0.99935	0.0012916	0.0084404	False
sgRNA_296	AML_TFRC-E45	19616	5747	19616	5747	-1.771	9.6179e+07	4.798e+13	3.2114	0.00066049	0.99934	0.001321	0.0084404	False
sgRNA_120	AML_TFRC-E21	25221	8874.8	25221	8874.8	-1.5068	1.3361e+08	1.0689e+14	3.2015	0.00068357	0.99932	0.0013671	0.0084404	False
sgRNA_451	AML_TFRC-E61	22887	7839.6	22887	7839.6	-1.5456	1.1322e+08	7.8439e+13	3.1927	0.0007048	0.9993	0.0014096	0.0084404	False
sgRNA_117	AML_TFRC-E20	21863	7403.4	21863	7403.4	-1.5621	1.0454e+08	6.7788e+13	3.1881	0.00071594	0.99928	0.0014319	0.0084404	False
NonTarget_8	NonTarget_8	17302	5253.5	17302	5253.5	-1.7194	7.2586e+07	3.216e+13	3.1796	0.00073735	0.99926	0.0014747	0.0084404	False
sgRNA_171	AML_TFRC-E32	19740	6623.6	19740	6623.6	-1.5753	8.6017e+07	4.8949e+13	3.1733	0.00075368	0.99925	0.0015074	0.0084404	False
sgRNA_346	AML_TFRC-E48	19510	6657.8	19510	6657.8	-1.551	8.259e+07	4.7156e+13	3.1664	0.00077182	0.99923	0.0015436	0.0084404	False
sgRNA_253	AML_TFRC-E40	28516	12210	28516	12210	-1.2237	1.3295e+08	1.5808e+14	3.1657	0.00077343	0.99923	0.0015469	0.0084404	False
sgRNA_244	AML_TFRC-E38	17599	5694.1	17599	5694.1	-1.6278	7.0867e+07	3.3953e+13	3.1641	0.00077782	0.99922	0.0015556	0.0084404	False
sgRNA_394	AML_TFRC-E54	22959	8777.9	22959	8777.9	-1.387	1.0055e+08	7.9226e+13	3.1613	0.00078524	0.99921	0.0015705	0.0084404	False
sgRNA_275	AML_TFRC-E42	17957	5943	17957	5943	-1.5951	7.2169e+07	3.6202e+13	3.161	0.00078622	0.99921	0.0015724	0.0084404	False
sgRNA_260	AML_TFRC-E41	20358	7264.6	20358	7264.6	-1.4865	8.5721e+07	5.4006e+13	3.1607	0.00078699	0.99921	0.001574	0.0084404	False
sgRNA_69	AML_TFRC-E18	24924	10044	24924	10044	-1.311	1.1069e+08	1.0292e+14	3.1602	0.00078844	0.99921	0.0015769	0.0084404	False
sgRNA_229	AML_TFRC-E38	20727	7512.4	20727	7512.4	-1.464	8.7312e+07	5.7186e+13	3.1592	0.00079091	0.99921	0.0015818	0.0084404	False
sgRNA_163	AML_TFRC-E30	14482	4282.1	14482	4282.1	-1.7576	5.2014e+07	1.8239e+13	3.1567	0.00079787	0.9992	0.0015957	0.0084404	False
sgRNA_76	AML_TFRC-E18	29063	13102	29063	13102	-1.1493	1.2738e+08	1.6795e+14	3.154	0.00080521	0.99919	0.0016104	0.0084404	False
sgRNA_152	AML_TFRC-E28	19298	7051	19298	7051	-1.4525	7.5e+07	4.5546e+13	3.1445	0.00083172	0.99917	0.0016634	0.0084404	False
NonTarget_31	NonTarget_31	12781	3673.1	12781	3673.1	-1.7986	4.1473e+07	1.2247e+13	3.1434	0.00083499	0.99917	0.00167	0.0084404	False
sgRNA_93	AML_TFRC-E18	18720	6785.5	18720	6785.5	-1.4639	7.1215e+07	4.1335e+13	3.1416	0.00084015	0.99916	0.0016803	0.0084404	False
sgRNA_124	AML_TFRC-E21	23055	9585.2	23055	9585.2	-1.2661	9.0712e+07	8.0279e+13	3.1376	0.00085182	0.99915	0.0017036	0.0084404	False
sgRNA_465	AML_TFRC-E64	22682	9385.9	22682	9385.9	-1.2729	8.8397e+07	7.622e+13	3.1361	0.00085602	0.99914	0.001712	0.0084404	False
sgRNA_430	AML_TFRC-E57	20654	8164.5	20654	8164.5	-1.3389	7.7998e+07	5.655e+13	3.1333	0.00086437	0.99914	0.0017287	0.0084404	False
NonTarget_50	NonTarget_50	22858	9609.5	22858	9609.5	-1.2501	8.7767e+07	7.8122e+13	3.1328	0.00086567	0.99913	0.0017313	0.0084404	False
sgRNA_364	AML_TFRC-E51	25372	11399	25372	11399	-1.1542	9.7623e+07	1.0894e+14	3.1315	0.00086971	0.99913	0.0017394	0.0084404	False
sgRNA_324	AML_TFRC-E47	9267.8	2300.8	9267.8	2300.8	-2.0096	2.427e+07	4.3975e+12	3.1306	0.00087232	0.99913	0.0017446	0.0084404	False
sgRNA_189	AML_TFRC-E33	28301	13691	28301	13691	-1.0476	1.0672e+08	1.5431e+14	3.1287	0.00087779	0.99912	0.0017556	0.0084404	False
sgRNA_369	AML_TFRC-E51	15716	5385.7	15716	5385.7	-1.5448	5.3355e+07	2.367e+13	3.1277	0.00088098	0.99912	0.001762	0.0084404	False
sgRNA_255	AML_TFRC-E40	24847	11194	24847	11194	-1.1502	9.3202e+07	1.0192e+14	3.127	0.00088299	0.99912	0.001766	0.0084404	False
sgRNA_312	AML_TFRC-E46	16022	5583.9	16022	5583.9	-1.5205	5.4474e+07	2.517e+13	3.1261	0.00088579	0.99911	0.0017716	0.0084404	False
sgRNA_106	AML_TFRC-E19	7483.2	1667.5	7483.2	1667.5	-2.1653	1.6912e+07	2.2242e+12	3.1252	0.00088854	0.99911	0.0017771	0.0084404	False
sgRNA_501	AML_TFRC-E71	12275	3668.7	12275	3668.7	-1.7421	3.7032e+07	1.0768e+13	3.1249	0.00088936	0.99911	0.0017787	0.0084404	False
sgRNA_196	AML_TFRC-E34	18580	7186.4	18580	7186.4	-1.3703	6.4907e+07	4.0359e+13	3.1212	0.00090047	0.9991	0.0018009	0.0084404	False
sgRNA_514	AML_TFRC-E72	13479	4414.3	13479	4414.3	-1.6102	4.1084e+07	1.451e+13	3.1143	0.00092201	0.99908	0.001844	0.0084404	False
sgRNA_66	AML_TFRC-E18	19679	8144.6	19679	8144.6	-1.2726	6.652e+07	4.847e+13	3.1113	0.00093131	0.99907	0.0018626	0.0084404	False
NonTarget_37	NonTarget_37	16842	6370.3	16842	6370.3	-1.4025	5.4826e+07	2.9511e+13	3.1107	0.00093333	0.99907	0.0018667	0.0084404	False
sgRNA_365	AML_TFRC-E51	24313	11467	24313	11467	-1.0841	8.2508e+07	9.5101e+13	3.1097	0.00093638	0.99906	0.0018728	0.0084404	False
NonTarget_13	NonTarget_13	20239	8599.5	20239	8599.5	-1.2347	6.7742e+07	5.3007e+13	3.1085	0.00094034	0.99906	0.0018807	0.0084404	False
sgRNA_479	AML_TFRC-E65	13009	4289.8	13009	4289.8	-1.6002	3.8008e+07	1.2957e+13	3.106	0.00094814	0.99905	0.0018963	0.0084404	False
sgRNA_28	AML_TFRC-E13	18477	7546.6	18477	7546.6	-1.2917	5.9732e+07	3.9647e+13	3.1042	0.00095405	0.99905	0.0019081	0.0084404	False
sgRNA_224	AML_TFRC-E37	22768	10610	22768	10610	-1.1016	7.391e+07	7.7138e+13	3.1018	0.00096184	0.99904	0.0019237	0.0084404	False
sgRNA_472	AML_TFRC-E65	18568	7676.6	18568	7676.6	-1.2742	5.9315e+07	4.0277e+13	3.1015	0.00096286	0.99904	0.0019257	0.0084404	False
sgRNA_249	AML_TFRC-E39	34372	20542	34372	20542	-0.74266	9.564e+07	2.8668e+14	3.1004	0.00096643	0.99903	0.0019329	0.0084404	False
sgRNA_81	AML_TFRC-E18	22399	10445	22399	10445	-1.1005	7.1443e+07	7.3226e+13	3.0987	0.00097191	0.99903	0.0019438	0.0084404	False
NonTarget_20	NonTarget_20	20565	9330.8	20565	9330.8	-1.1401	6.3107e+07	5.5777e+13	3.0918	0.00099467	0.99901	0.0019893	0.0084404	False
sgRNA_392	AML_TFRC-E54	31072	18005	31072	18005	-0.78716	8.5368e+07	2.0782e+14	3.0918	0.00099483	0.99901	0.0019897	0.0084404	False
sgRNA_104	AML_TFRC-E19	19460	8553.2	19460	8553.2	-1.1859	5.948e+07	4.6773e+13	3.0915	0.00099561	0.999	0.0019912	0.0084404	False
sgRNA_314	AML_TFRC-E46	22413	10712	22413	10712	-1.065	6.8452e+07	7.3368e+13	3.0915	0.00099574	0.999	0.0019915	0.0084404	False
sgRNA_89	AML_TFRC-E18	27214	14666	27214	14666	-0.89184	7.8728e+07	1.362e+14	3.09	0.0010008	0.999	0.0020016	0.0084404	False
sgRNA_98	AML_TFRC-E19	18989	8314.2	18989	8314.2	-1.1914	5.6972e+07	4.3257e+13	3.0884	0.0010063	0.99899	0.0020126	0.0084404	False
sgRNA_162	AML_TFRC-E30	19254	8525.7	19254	8525.7	-1.1752	5.7547e+07	4.5212e+13	3.0875	0.0010094	0.99899	0.0020188	0.0084404	False
sgRNA_440	AML_TFRC-E60	14639	5516.8	14639	5516.8	-1.4077	4.1604e+07	1.8877e+13	3.0872	0.0010104	0.99899	0.0020208	0.0084404	False
NonTarget_21	NonTarget_21	20945	9771.4	20945	9771.4	-1.0999	6.2424e+07	5.9125e+13	3.0868	0.0010117	0.99899	0.0020235	0.0084404	False
sgRNA_19	AML_TFRC-E12	23041	11411	23041	11411	-1.0137	6.7624e+07	8.0128e+13	3.0858	0.0010151	0.99898	0.0020301	0.0084404	False
sgRNA_329	AML_TFRC-E47	22952	11453	22952	11453	-1.0028	6.6111e+07	7.9146e+13	3.0829	0.0010251	0.99897	0.0020502	0.0084404	False
sgRNA_167	AML_TFRC-E31	20287	9498.2	20287	9498.2	-1.0948	5.8203e+07	5.341e+13	3.0801	0.0010347	0.99897	0.0020694	0.0084404	False
sgRNA_381	AML_TFRC-E53	32084	19933	32084	19933	-0.68672	7.3833e+07	2.3018e+14	3.0767	0.0010465	0.99895	0.002093	0.0084404	False
NonTarget_1	NonTarget_1	6656.8	1634.4	6656.8	1634.4	-2.0254	1.2612e+07	1.5317e+12	3.0759	0.0010492	0.99895	0.0020984	0.0084404	False
sgRNA_422	AML_TFRC-E57	22226	11214	22226	11214	-0.98689	6.0634e+07	7.1443e+13	3.0739	0.0010564	0.99894	0.0021127	0.0084404	False
sgRNA_54	AML_TFRC-E16	20235	9728.4	20235	9728.4	-1.0565	5.5192e+07	5.2969e+13	3.0717	0.0010642	0.99894	0.0021283	0.0084404	False
sgRNA_448	AML_TFRC-E61	21484	10732	21484	10732	-1.0013	5.7809e+07	6.4116e+13	3.0709	0.0010671	0.99893	0.0021342	0.0084404	False
sgRNA_321	AML_TFRC-E47	22956	11994	22956	11994	-0.93648	6.0079e+07	7.9186e+13	3.0692	0.0010732	0.99893	0.0021464	0.0084404	False
sgRNA_347	AML_TFRC-E49	16425	7123.7	16425	7123.7	-1.2051	4.3257e+07	2.7246e+13	3.0656	0.0010862	0.99891	0.0021724	0.0084404	False
sgRNA_325	AML_TFRC-E47	17578	7945.3	17578	7945.3	-1.1455	4.6398e+07	3.3824e+13	3.0653	0.0010874	0.99891	0.0021748	0.0084404	False
sgRNA_231	AML_TFRC-E38	21022	10580	21022	10580	-0.99053	5.4521e+07	5.9822e+13	3.0648	0.001089	0.99891	0.0021781	0.0084404	False
sgRNA_438	AML_TFRC-E60	19493	9389.2	19493	9389.2	-1.0538	5.1041e+07	4.7024e+13	3.0645	0.00109	0.99891	0.00218	0.0084404	False
sgRNA_53	AML_TFRC-E16	24301	13355	24301	13355	-0.86359	5.991e+07	9.4953e+13	3.0642	0.0010914	0.99891	0.0021827	0.0084404	False
sgRNA_288	AML_TFRC-E43	28834	17543	28834	17543	-0.71688	6.3749e+07	1.6377e+14	3.0641	0.0010918	0.99891	0.0021836	0.0084404	False
sgRNA_16	AML_TFRC-E11	7186.3	1943.9	7186.3	1943.9	-1.8857	1.3741e+07	1.9549e+12	3.0605	0.0011048	0.9989	0.0022096	0.0084404	False
sgRNA_431	AML_TFRC-E59	24561	13753	24561	13753	-0.83661	5.8411e+07	9.8226e+13	3.0605	0.001105	0.9989	0.00221	0.0084404	False
sgRNA_287	AML_TFRC-E43	22567	12062	22567	12062	-0.90366	5.5174e+07	7.4991e+13	3.0594	0.0011091	0.99889	0.0022181	0.0084404	False
sgRNA_43	AML_TFRC-E15	23524	12916	23524	12916	-0.86496	5.6268e+07	8.5607e+13	3.0587	0.0011115	0.99889	0.0022231	0.0084404	False
sgRNA_23	AML_TFRC-E12	22428	11999	22428	11999	-0.90228	5.4377e+07	7.3529e+13	3.058	0.0011142	0.99889	0.0022284	0.0084404	False
sgRNA_490	AML_TFRC-E68	16455	7335.1	16455	7335.1	-1.1655	4.1586e+07	2.7404e+13	3.0577	0.0011152	0.99888	0.0022304	0.0084404	False
sgRNA_395	AML_TFRC-E54	13875	5601.6	13875	5601.6	-1.3084	3.4224e+07	1.5913e+13	3.0571	0.0011173	0.99888	0.0022346	0.0084404	False
sgRNA_497	AML_TFRC-E69	23432	13203	23432	13203	-0.82756	5.2318e+07	8.4548e+13	3.0502	0.0011434	0.99886	0.0022867	0.0084404	False
sgRNA_225	AML_TFRC-E37	29293	18928	29293	18928	-0.62998	5.3712e+07	1.7222e+14	3.0488	0.0011488	0.99885	0.0022976	0.0084404	False
sgRNA_382	AML_TFRC-E53	24112	13908	24112	13908	-0.79376	5.2056e+07	9.261e+13	3.0483	0.0011508	0.99885	0.0023017	0.0084404	False
sgRNA_95	AML_TFRC-E19	23630	13508	23630	13508	-0.80675	5.1228e+07	8.6845e+13	3.0474	0.0011542	0.99885	0.0023084	0.0084404	False
sgRNA_499	AML_TFRC-E70	16229	7445.3	16229	7445.3	-1.1241	3.8576e+07	2.6222e+13	3.0466	0.0011571	0.99884	0.0023143	0.0084404	False
sgRNA_144	AML_TFRC-E28	23293	13291	23293	13291	-0.80933	5.0012e+07	8.295e+13	3.0454	0.001162	0.99884	0.002324	0.0084404	False
CARS	CARS	13693	5728.2	13693	5728.2	-1.2572	3.1721e+07	1.5259e+13	3.0441	0.0011668	0.99883	0.0023335	0.0084404	False
sgRNA_230	AML_TFRC-E38	19980	10476	19980	10476	-0.9314	4.5165e+07	5.0877e+13	3.0435	0.0011693	0.99883	0.0023385	0.0084404	False
sgRNA_215	AML_TFRC-E37	17740	8674.4	17740	8674.4	-1.0321	4.1093e+07	3.4826e+13	3.0433	0.00117	0.99883	0.00234	0.0084404	False
sgRNA_206	AML_TFRC-E35	21469	11765	21469	11765	-0.86771	4.7085e+07	6.3969e+13	3.043	0.0011711	0.99883	0.0023423	0.0084404	False
sgRNA_425	AML_TFRC-E57	12597	5056.4	12597	5056.4	-1.3167	2.8431e+07	1.1696e+13	3.0417	0.0011762	0.99882	0.0023524	0.0084404	False
sgRNA_228	AML_TFRC-E38	24050	14267	24050	14267	-0.75329	4.7851e+07	9.1856e+13	3.0394	0.0011854	0.99881	0.0023707	0.0084404	False
sgRNA_195	AML_TFRC-E34	15184	6881.4	15184	6881.4	-1.1417	3.4471e+07	2.1213e+13	3.0385	0.001189	0.99881	0.002378	0.0084404	False
sgRNA_408	AML_TFRC-E56	2895.2	493.41	2895.2	493.41	-2.5504	2.8843e+06	1.0784e+11	3.0381	0.0011904	0.99881	0.0023809	0.0084404	False
sgRNA_473	AML_TFRC-E65	9548.4	3294.2	9548.4	3294.2	-1.535	1.9558e+07	4.8361e+12	3.0379	0.0011911	0.99881	0.0023821	0.0084404	False
NonTarget_46	NonTarget_46	16295	7749.2	16295	7749.2	-1.0722	3.6516e+07	2.6565e+13	3.0365	0.0011966	0.9988	0.0023932	0.0084404	False
sgRNA_5	AML_TFRC-E10	23520	13950	23520	13950	-0.75356	4.5789e+07	8.5554e+13	3.0354	0.0012009	0.9988	0.0024018	0.0084404	False
sgRNA_47	AML_TFRC-E15	24163	14682	24163	14682	-0.7187	4.4945e+07	9.3245e+13	3.033	0.0012108	0.99879	0.0024215	0.0084404	False
sgRNA_223	AML_TFRC-E37	22076	12718	22076	12718	-0.79559	4.3787e+07	6.991e+13	3.0329	0.001211	0.99879	0.0024221	0.0084404	False
sgRNA_412	AML_TFRC-E56	9769.1	3475.9	9769.1	3475.9	-1.4906	1.9802e+07	5.2014e+12	3.0327	0.0012119	0.99879	0.0024238	0.0084404	False
sgRNA_147	AML_TFRC-E28	22709	13375	22709	13375	-0.76371	4.3566e+07	7.6512e+13	3.0313	0.0012175	0.99878	0.002435	0.0084404	False
sgRNA_400	AML_TFRC-E55	25234	15833	25234	15833	-0.67238	4.4188e+07	1.0706e+14	3.031	0.0012186	0.99878	0.0024371	0.0084404	False
sgRNA_342	AML_TFRC-E48	25048	15655	25048	15655	-0.67805	4.4115e+07	1.0457e+14	3.0309	0.0012191	0.99878	0.0024382	0.0084404	False
sgRNA_142	AML_TFRC-E27	20121	11065	20121	11065	-0.86259	4.1003e+07	5.2028e+13	3.0304	0.0012213	0.99878	0.0024426	0.0084404	False
sgRNA_111	AML_TFRC-E20	24433	15079	24433	15079	-0.69628	4.3752e+07	9.6603e+13	3.0303	0.0012217	0.99878	0.0024433	0.0084404	False
sgRNA_115	AML_TFRC-E20	15036	6988.2	15036	6988.2	-1.1053	3.238e+07	2.0557e+13	3.0291	0.0012265	0.99877	0.0024531	0.0084404	False
sgRNA_393	AML_TFRC-E54	17271	8739.4	17271	8739.4	-0.9827	3.6398e+07	3.1978e+13	3.0282	0.0012301	0.99877	0.0024602	0.0084404	False
sgRNA_234	AML_TFRC-E38	26577	17399	26577	17399	-0.61113	4.2117e+07	1.2631e+14	3.0275	0.001233	0.99877	0.0024659	0.0084404	False
sgRNA_46	AML_TFRC-E15	25184	15974	25184	15974	-0.65674	4.2412e+07	1.0639e+14	3.0274	0.0012333	0.99877	0.0024666	0.0084404	False
sgRNA_301	AML_TFRC-E45	21003	11979	21003	11979	-0.8101	4.0721e+07	5.9649e+13	3.027	0.0012348	0.99877	0.0024696	0.0084404	False
sgRNA_232	AML_TFRC-E38	21396	12339	21396	12339	-0.79413	4.102e+07	6.3282e+13	3.027	0.0012349	0.99877	0.0024698	0.0084404	False
sgRNA_149	AML_TFRC-E28	20039	11321	20039	11321	-0.82372	3.7998e+07	5.135e+13	3.0215	0.0012577	0.99874	0.0025155	0.0084404	False
sgRNA_86	AML_TFRC-E18	20181	11552	20181	11552	-0.80478	3.7229e+07	5.2523e+13	3.0188	0.001269	0.99873	0.002538	0.0084404	False
sgRNA_173	AML_TFRC-E32	19541	11039	19541	11039	-0.82383	3.6141e+07	4.7395e+13	3.017	0.0012765	0.99872	0.002553	0.0084404	False
sgRNA_494	AML_TFRC-E68	25919	17388	25919	17388	-0.57585	3.6385e+07	1.166e+14	3.0156	0.0012824	0.99872	0.0025648	0.0084404	False
sgRNA_32	AML_TFRC-E13	23763	15261	23763	15261	-0.63887	3.6145e+07	8.8408e+13	3.0132	0.0012924	0.99871	0.0025848	0.0084404	False
sgRNA_9	AML_TFRC-E10	18413	10205	18413	10205	-0.85134	3.3683e+07	3.9213e+13	3.0121	0.0012973	0.9987	0.0025945	0.0084404	False
sgRNA_344	AML_TFRC-E48	23250	14812	23250	14812	-0.65039	3.5596e+07	8.2466e+13	3.0117	0.0012988	0.9987	0.0025976	0.0084404	False
sgRNA_220	AML_TFRC-E37	27278	19262	27278	19262	-0.50199	3.2133e+07	1.3723e+14	3.0092	0.0013095	0.99869	0.002619	0.0084404	False
NonTarget_48	NonTarget_48	18431	10398	18431	10398	-0.82577	3.2265e+07	3.9337e+13	3.0069	0.0013197	0.99868	0.0026394	0.0084404	False
sgRNA_458	AML_TFRC-E61	25678	17669	25678	17669	-0.53928	3.2072e+07	1.1318e+14	3.0062	0.0013226	0.99868	0.0026452	0.0084404	False
sgRNA_298	AML_TFRC-E45	18687	10728	18687	10728	-0.80055	3.1671e+07	4.1106e+13	3.0041	0.001332	0.99867	0.0026641	0.0084404	False
sgRNA_452	AML_TFRC-E61	19644	11617	19644	11617	-0.75773	3.2211e+07	4.8192e+13	3.004	0.0013322	0.99867	0.0026644	0.0084404	False
NonTarget_38	NonTarget_38	11370	4870.3	11370	4870.3	-1.223	2.1124e+07	8.4371e+12	3.0037	0.0013336	0.99867	0.0026673	0.0084404	False
sgRNA_213	AML_TFRC-E36	21641	13590	21641	13590	-0.67123	3.2415e+07	6.5623e+13	3.0032	0.0013357	0.99866	0.0026714	0.0084404	False
sgRNA_188	AML_TFRC-E33	21915	13921	21915	13921	-0.65457	3.1948e+07	6.8301e+13	3.002	0.0013412	0.99866	0.0026824	0.0084404	False
sgRNA_502	AML_TFRC-E71	23947	16116	23947	16116	-0.57131	3.0662e+07	9.0613e+13	3.0004	0.0013482	0.99865	0.0026963	0.0084404	False
sgRNA_49	AML_TFRC-E16	22923	15065	22923	15065	-0.6056	3.0877e+07	7.8827e+13	2.9997	0.001351	0.99865	0.0027021	0.0084404	False
sgRNA_518	AML_TFRC-E72	22876	15054	22876	15054	-0.60368	3.0593e+07	7.8311e+13	2.999	0.0013545	0.99865	0.002709	0.0084404	False
sgRNA_126	AML_TFRC-E22	25947	18492	25947	18492	-0.48865	2.7789e+07	1.17e+14	2.9974	0.0013614	0.99864	0.0027228	0.0084404	False
sgRNA_42	AML_TFRC-E15	10033	4081.7	10033	4081.7	-1.2974	1.7711e+07	5.6632e+12	2.9969	0.0013639	0.99864	0.0027278	0.0084404	False
sgRNA_130	AML_TFRC-E22	28299	21276	28299	21276	-0.4115	2.4661e+07	1.5428e+14	2.9968	0.0013642	0.99864	0.0027285	0.0084404	False
NonTarget_4	NonTarget_4	21380	13648	21380	13648	-0.64751	2.989e+07	6.3128e+13	2.996	0.0013676	0.99863	0.0027353	0.0084404	False
sgRNA_484	AML_TFRC-E66	28990	22225	28990	22225	-0.3834	2.2888e+07	1.6661e+14	2.9952	0.0013713	0.99863	0.0027427	0.0084404	False
sgRNA_421	AML_TFRC-E57	32303	26455	32303	26455	-0.28814	1.7102e+07	2.3522e+14	2.9946	0.001374	0.99863	0.0027479	0.0084404	False
sgRNA_368	AML_TFRC-E51	18487	10911	18487	10911	-0.76067	2.8699e+07	3.9721e+13	2.9937	0.0013781	0.99862	0.0027563	0.0084404	False
sgRNA_265	AML_TFRC-E41	23865	16429	23865	16429	-0.53859	2.7643e+07	8.962e+13	2.9929	0.0013819	0.99862	0.0027638	0.0084404	False
sgRNA_247	AML_TFRC-E39	21443	13949	21443	13949	-0.6203	2.8078e+07	6.372e+13	2.9908	0.0013913	0.99861	0.0027825	0.0084404	False
NonTarget_58	NonTarget_58	23273	15972	23273	15972	-0.54305	2.6648e+07	8.2723e+13	2.9893	0.0013983	0.9986	0.0027966	0.0084404	False
sgRNA_48	AML_TFRC-E15	23204	15983	23204	15983	-0.53777	2.6067e+07	8.1944e+13	2.9876	0.0014059	0.99859	0.0028118	0.0084404	False
sgRNA_485	AML_TFRC-E67	21920	14682	21920	14682	-0.57815	2.6194e+07	6.8355e+13	2.9859	0.0014139	0.99859	0.0028279	0.0084404	False
sgRNA_139	AML_TFRC-E27	22868	15717	22868	15717	-0.54104	2.5574e+07	7.8231e+13	2.9857	0.0014149	0.99859	0.0028297	0.0084404	False
sgRNA_6	AML_TFRC-E10	23156	16115	23156	16115	-0.52295	2.4788e+07	8.1414e+13	2.9841	0.0014221	0.99858	0.0028443	0.0084404	False
sgRNA_25	AML_TFRC-E13	22136	15043	22136	15043	-0.55735	2.5162e+07	7.0526e+13	2.9832	0.0014262	0.99857	0.0028523	0.0084404	False
NonTarget_25	NonTarget_25	26324	19875	26324	19875	-0.40538	2.0792e+07	1.2251e+14	2.9824	0.00143	0.99857	0.0028601	0.0084404	False
NonTarget_26	NonTarget_26	23431	16522	23431	16522	-0.50401	2.3866e+07	8.4527e+13	2.9822	0.0014309	0.99857	0.0028618	0.0084404	False
sgRNA_323	AML_TFRC-E47	20572	13453	20572	13453	-0.61267	2.5336e+07	5.5832e+13	2.9817	0.0014334	0.99857	0.0028668	0.0084404	False
sgRNA_99	AML_TFRC-E19	21598	14551	21598	14551	-0.56971	2.4827e+07	6.5202e+13	2.9814	0.0014348	0.99857	0.0028696	0.0084404	False
sgRNA_384	AML_TFRC-E53	30208	24845	30208	24845	-0.28199	1.4383e+07	1.8996e+14	2.9812	0.0014358	0.99856	0.0028715	0.0084404	False
sgRNA_74	AML_TFRC-E18	21347	14386	21347	14386	-0.56934	2.4229e+07	6.2821e+13	2.9792	0.0014451	0.99855	0.0028902	0.0084404	False
sgRNA_107	AML_TFRC-E19	14949	8165.6	14949	8165.6	-0.87237	2.3009e+07	2.0183e+13	2.9789	0.0014464	0.99855	0.0028927	0.0084404	False
NonTarget_34	NonTarget_34	18455	11476	18455	11476	-0.68529	2.4349e+07	3.9498e+13	2.9774	0.0014536	0.99855	0.0029072	0.0084404	False
NonTarget_11	NonTarget_11	20703	13805	20703	13805	-0.58468	2.3797e+07	5.6979e+13	2.9769	0.001456	0.99854	0.002912	0.0084404	False
sgRNA_405	AML_TFRC-E55	22254	15503	22254	15503	-0.52147	2.2786e+07	7.1723e+13	2.9766	0.0014575	0.99854	0.002915	0.0084404	False
sgRNA_132	AML_TFRC-E22	21883	15111	21883	15111	-0.5342	2.2932e+07	6.7986e+13	2.9762	0.0014591	0.99854	0.0029183	0.0084404	False
sgRNA_250	AML_TFRC-E39	27049	21244	27049	21244	-0.34847	1.6845e+07	1.3358e+14	2.9752	0.0014638	0.99854	0.0029277	0.0084404	False
sgRNA_512	AML_TFRC-E72	19356	12483	19356	12483	-0.63276	2.3617e+07	4.5977e+13	2.9749	0.0014655	0.99853	0.0029311	0.0084404	False
sgRNA_236	AML_TFRC-E38	17337	10625	17337	10625	-0.70633	2.2525e+07	3.2365e+13	2.9705	0.0014865	0.99851	0.002973	0.0084404	False
sgRNA_470	AML_TFRC-E65	21582	15082	21582	15082	-0.51699	2.1127e+07	6.5054e+13	2.97	0.0014888	0.99851	0.0029776	0.0084404	False
sgRNA_332	AML_TFRC-E48	19500	12846	19500	12846	-0.60208	2.2136e+07	4.7079e+13	2.9697	0.0014905	0.99851	0.0029809	0.0084404	False
sgRNA_10	AML_TFRC-E11	26438	20897	26438	20897	-0.3393	1.5351e+07	1.2421e+14	2.9691	0.0014932	0.99851	0.0029865	0.0084404	False
NonTarget_10	NonTarget_10	20875	14359	20875	14359	-0.53983	2.1232e+07	5.8498e+13	2.9688	0.0014946	0.99851	0.0029893	0.0084404	False
sgRNA_251	AML_TFRC-E40	20108	13535	20108	13535	-0.57104	2.1601e+07	5.1916e+13	2.9687	0.0014955	0.9985	0.0029909	0.0084404	False
sgRNA_68	AML_TFRC-E18	21413	14965	21413	14965	-0.5168	2.0783e+07	6.3436e+13	2.9686	0.001496	0.9985	0.002992	0.0084404	False
sgRNA_83	AML_TFRC-E18	21608	15201	21608	15201	-0.50735	2.0523e+07	6.5298e+13	2.9682	0.0014977	0.9985	0.0029955	0.0084404	False
sgRNA_87	AML_TFRC-E18	25010	19300	25010	19300	-0.37385	1.6299e+07	1.0406e+14	2.9664	0.0015067	0.99849	0.0030133	0.0084404	False
sgRNA_160	AML_TFRC-E29	23433	17556	23433	17556	-0.41659	1.7272e+07	8.4558e+13	2.9636	0.0015202	0.99848	0.0030404	0.0084404	False
sgRNA_97	AML_TFRC-E19	26558	21563	26558	21563	-0.30062	1.2478e+07	1.2602e+14	2.9617	0.0015297	0.99847	0.0030594	0.0084404	False
sgRNA_429	AML_TFRC-E57	24605	19107	24605	19107	-0.36485	1.5115e+07	9.8783e+13	2.9615	0.0015308	0.99847	0.0030616	0.0084404	False
sgRNA_266	AML_TFRC-E41	26398	21384	26398	21384	-0.30384	1.2567e+07	1.236e+14	2.9613	0.0015318	0.99847	0.0030636	0.0084404	False
sgRNA_322	AML_TFRC-E47	13358	7252.5	13358	7252.5	-0.88107	1.8639e+07	1.41e+13	2.9603	0.0015367	0.99846	0.0030734	0.0084404	False
sgRNA_257	AML_TFRC-E40	21938	16241	21938	16241	-0.43376	1.6226e+07	6.8527e+13	2.9553	0.0015621	0.99844	0.0031241	0.0084404	False
sgRNA_348	AML_TFRC-E49	25122	20173	25122	20173	-0.31651	1.2246e+07	1.0555e+14	2.9549	0.0015636	0.99844	0.0031273	0.0084404	False
sgRNA_210	AML_TFRC-E36	21472	15711	21472	15711	-0.45063	1.6592e+07	6.3995e+13	2.9549	0.0015637	0.99844	0.0031273	0.0084404	False
sgRNA_481	AML_TFRC-E66	16111	9982.8	16111	9982.8	-0.69045	1.8776e+07	2.5619e+13	2.9538	0.0015697	0.99843	0.0031394	0.0084404	False
NonTarget_56	NonTarget_56	24145	19083	24145	19083	-0.3394	1.2811e+07	9.3022e+13	2.9526	0.0015756	0.99842	0.0031511	0.0084404	False
sgRNA_13	AML_TFRC-E11	19349	13433	19349	13433	-0.52642	1.7499e+07	4.5929e+13	2.9521	0.0015779	0.99842	0.0031559	0.0084404	False
sgRNA_233	AML_TFRC-E38	25560	21079	25560	21079	-0.27807	1.004e+07	1.1153e+14	2.9499	0.0015895	0.99841	0.0031789	0.0084404	False
sgRNA_464	AML_TFRC-E64	22350	17066	22350	17066	-0.38914	1.3961e+07	7.2716e+13	2.9491	0.0015935	0.99841	0.0031869	0.0084404	False
sgRNA_492	AML_TFRC-E68	23540	18657	23540	18657	-0.33534	1.1919e+07	8.5786e+13	2.9471	0.001604	0.9984	0.003208	0.0084404	False
sgRNA_297	AML_TFRC-E45	23840	19118	23840	19118	-0.31848	1.1151e+07	8.9327e+13	2.9458	0.0016107	0.99839	0.0032214	0.0084404	False
HARS	HARS	13066	7343.9	13066	7343.9	-0.83107	1.6369e+07	1.314e+13	2.9456	0.0016119	0.99839	0.0032237	0.0084404	False
sgRNA_377	AML_TFRC-E52	29002	26154	29002	26154	-0.14911	4.0552e+06	1.6683e+14	2.9454	0.0016128	0.99839	0.0032255	0.0084404	False
sgRNA_226	AML_TFRC-E37	23694	18958	23694	18958	-0.3217	1.1215e+07	8.7592e+13	2.9454	0.0016129	0.99839	0.0032259	0.0084404	False
sgRNA_245	AML_TFRC-E39	27138	23774	27138	23774	-0.19089	5.6565e+06	1.3499e+14	2.9422	0.0016296	0.99837	0.0032592	0.0084404	False
sgRNA_174	AML_TFRC-E32	25494	21556	25494	21556	-0.24205	7.7534e+06	1.1061e+14	2.9417	0.0016322	0.99837	0.0032643	0.0084404	False
sgRNA_114	AML_TFRC-E20	24311	20099	24311	20099	-0.27451	8.8729e+06	9.5078e+13	2.9399	0.0016414	0.99836	0.0032828	0.0084404	False
sgRNA_420	AML_TFRC-E57	26763	23471	26763	23471	-0.18931	5.4163e+06	1.2913e+14	2.9393	0.0016449	0.99836	0.0032898	0.0084404	False
sgRNA_186	AML_TFRC-E33	19206	13840	19206	13840	-0.47269	1.4397e+07	4.4852e+13	2.9392	0.0016451	0.99835	0.0032901	0.0084404	False
sgRNA_200	AML_TFRC-E34	21164	16170	21164	16170	-0.38823	1.2467e+07	6.1116e+13	2.9389	0.0016468	0.99835	0.0032936	0.0084404	False
sgRNA_471	AML_TFRC-E65	17354	11792	17354	11792	-0.55738	1.5466e+07	3.2468e+13	2.9388	0.0016473	0.99835	0.0032945	0.0084404	False
NonTarget_43	NonTarget_43	16759	11178	16759	11178	-0.58427	1.5576e+07	2.9052e+13	2.9382	0.0016506	0.99835	0.0033011	0.0084404	False
sgRNA_363	AML_TFRC-E51	17426	11936	17426	11936	-0.54592	1.5071e+07	3.2898e+13	2.9371	0.0016563	0.99834	0.0033127	0.0084404	False
sgRNA_100	AML_TFRC-E19	27507	24782	27507	24782	-0.15052	3.7138e+06	1.4094e+14	2.936	0.0016625	0.99834	0.003325	0.0084404	False
sgRNA_455	AML_TFRC-E61	24335	20427	24335	20427	-0.25254	7.6361e+06	9.5373e+13	2.9354	0.0016656	0.99833	0.0033312	0.0084404	False
sgRNA_513	AML_TFRC-E72	19060	13915	19060	13915	-0.45395	1.3239e+07	4.378e+13	2.9338	0.0016741	0.99833	0.0033482	0.0084404	False
sgRNA_318	AML_TFRC-E47	20583	15731	20583	15731	-0.38787	1.1774e+07	5.5934e+13	2.9337	0.0016746	0.99833	0.0033491	0.0084404	False
sgRNA_398	AML_TFRC-E55	29439	27878	29439	27878	-0.078602	1.2185e+06	1.7497e+14	2.933	0.0016786	0.99832	0.0033572	0.0084404	False
sgRNA_137	AML_TFRC-E23	21481	16947	21481	16947	-0.34201	1.0278e+07	6.4082e+13	2.9317	0.0016855	0.99831	0.003371	0.0084404	False
sgRNA_235	AML_TFRC-E38	14768	9400.2	14768	9400.2	-0.65162	1.4405e+07	1.9412e+13	2.9295	0.0016978	0.9983	0.0033956	0.0084404	False
sgRNA_439	AML_TFRC-E60	30549	29914	30549	29914	-0.030275	2.0123e+05	1.9687e+14	2.9294	0.0016981	0.9983	0.0033963	0.0084404	False
sgRNA_334	AML_TFRC-E48	24045	20444	24045	20444	-0.2341	6.4863e+06	9.1801e+13	2.9292	0.001699	0.9983	0.0033981	0.0084404	False
sgRNA_59	AML_TFRC-E17	20424	15779	20424	15779	-0.37218	1.0785e+07	5.4561e+13	2.9289	0.0017007	0.9983	0.0034014	0.0084404	False
sgRNA_203	AML_TFRC-E35	18204	13153	18204	13153	-0.46889	1.2759e+07	3.7813e+13	2.9286	0.0017026	0.9983	0.0034051	0.0084404	False
sgRNA_496	AML_TFRC-E69	22637	18644	22637	18644	-0.27995	7.9713e+06	7.5734e+13	2.928	0.0017058	0.99829	0.0034116	0.0084404	False
sgRNA_26	AML_TFRC-E13	23395	19707	23395	19707	-0.2475	6.8018e+06	8.412e+13	2.9271	0.0017109	0.99829	0.0034218	0.0084404	False
sgRNA_493	AML_TFRC-E68	29584	28836	29584	28836	-0.036953	2.7988e+05	1.7774e+14	2.9249	0.0017227	0.99828	0.0034455	0.0084404	False
NonTarget_39	NonTarget_39	24066	20774	24066	20774	-0.21222	5.4194e+06	9.2055e+13	2.9247	0.0017241	0.99828	0.0034482	0.0084404	False
sgRNA_436	AML_TFRC-E59	18961	14275	18961	14275	-0.40957	1.0982e+07	4.3059e+13	2.9233	0.0017317	0.99827	0.0034634	0.0084404	False
sgRNA_517	AML_TFRC-E72	15058	9894.7	15058	9894.7	-0.60577	1.3331e+07	2.0656e+13	2.9232	0.0017325	0.99827	0.003465	0.0084404	False
sgRNA_360	AML_TFRC-E50	29566	29022	29566	29022	-0.026785	1.479e+05	1.7739e+14	2.9226	0.0017356	0.99826	0.0034711	0.0084404	False
sgRNA_385	AML_TFRC-E53	28643	27662	28643	27662	-0.050295	4.8156e+05	1.6034e+14	2.9218	0.0017399	0.99826	0.0034798	0.0084404	False
sgRNA_242	AML_TFRC-E38	20846	16727	20846	16727	-0.31761	8.4848e+06	5.8239e+13	2.9209	0.001745	0.99826	0.00349	0.0084404	False
sgRNA_294	AML_TFRC-E44	20325	16198	20325	16198	-0.32741	8.5152e+06	5.3723e+13	2.9184	0.0017594	0.99824	0.0035187	0.0084404	False
sgRNA_240	AML_TFRC-E38	22899	19602	22899	19602	-0.22428	5.4354e+06	7.8569e+13	2.9181	0.0017609	0.99824	0.0035217	0.0084404	False
sgRNA_308	AML_TFRC-E45	14381	9380.4	14381	9380.4	-0.61637	1.2502e+07	1.7837e+13	2.917	0.0017673	0.99823	0.0035347	0.0084404	False
NonTarget_52	NonTarget_52	24199	21523	24199	21523	-0.16905	3.5802e+06	9.3681e+13	2.9164	0.0017707	0.99823	0.0035414	0.0084404	False
NonTarget_5	NonTarget_5	13940	8946.4	13940	8946.4	-0.63982	1.2469e+07	1.6153e+13	2.9163	0.0017712	0.99823	0.0035423	0.0084404	False
ATP5B	ATP5B	13904	8937.6	13904	8937.6	-0.63747	1.2332e+07	1.602e+13	2.9153	0.0017768	0.99822	0.0035535	0.0084404	False
sgRNA_57	AML_TFRC-E17	22576	19405	22576	19405	-0.21835	5.0274e+06	7.5087e+13	2.9142	0.0017831	0.99822	0.0035661	0.0084404	False
sgRNA_399	AML_TFRC-E55	24258	21791	24258	21791	-0.15474	3.0437e+06	9.4412e+13	2.9137	0.0017858	0.99821	0.0035716	0.0084404	False
NonTarget_42	NonTarget_42	18298	13957	18298	13957	-0.39069	9.4224e+06	3.8436e+13	2.9126	0.001792	0.99821	0.0035839	0.0084404	False
sgRNA_77	AML_TFRC-E18	28030	27695	28030	27695	-0.017363	56224	1.4966e+14	2.9107	0.001803	0.9982	0.003606	0.0084404	False
sgRNA_252	AML_TFRC-E40	21930	18889	21930	18889	-0.2154	4.6262e+06	6.8454e+13	2.9082	0.0018177	0.99818	0.0036354	0.0084404	False
NonTarget_22	NonTarget_22	22496	19739	22496	19739	-0.18863	3.8013e+06	7.4244e+13	2.9071	0.001824	0.99818	0.003648	0.0084404	False
sgRNA_284	AML_TFRC-E43	27117	26605	27117	26605	-0.027504	1.3111e+05	1.3466e+14	2.9068	0.0018259	0.99817	0.0036518	0.0084404	False
sgRNA_241	AML_TFRC-E38	24737	23070	24737	23070	-0.10065	1.3894e+06	1.0049e+14	2.9056	0.0018327	0.99817	0.0036653	0.0084404	False
sgRNA_520	AML_TFRC-E72	17849	13770	17849	13770	-0.37425	8.3173e+06	3.5512e+13	2.9045	0.0018393	0.99816	0.0036787	0.0084404	False
sgRNA_169	AML_TFRC-E31	23950	22034	23950	22034	-0.12029	1.8355e+06	9.0646e+13	2.9039	0.0018428	0.99816	0.0036857	0.0084404	False
sgRNA_495	AML_TFRC-E69	21208	18157	21208	18157	-0.22408	4.6546e+06	6.1527e+13	2.9039	0.001843	0.99816	0.003686	0.0084404	False
sgRNA_85	AML_TFRC-E18	22905	20749	22905	20749	-0.14262	2.3242e+06	7.8628e+13	2.9004	0.0018631	0.99814	0.0037263	0.0084404	False
sgRNA_119	AML_TFRC-E21	24660	23378	24660	23378	-0.077049	8.2243e+05	9.9493e+13	2.8999	0.0018663	0.99813	0.0037327	0.0084404	False
sgRNA_217	AML_TFRC-E37	19110	15653	19110	15653	-0.28787	5.9749e+06	4.414e+13	2.8984	0.0018755	0.99812	0.003751	0.0084404	False
NonTarget_2	NonTarget_2	24616	23511	24616	23511	-0.066243	6.1024e+05	9.8922e+13	2.8972	0.0018824	0.99812	0.0037648	0.0084404	False
sgRNA_80	AML_TFRC-E18	24483	23318	24483	23318	-0.070327	6.785e+05	9.7234e+13	2.8971	0.0018831	0.99812	0.0037661	0.0084404	False
sgRNA_383	AML_TFRC-E53	18899	15470	18899	15470	-0.28882	5.879e+06	4.2607e+13	2.8965	0.0018866	0.99811	0.0037732	0.0084404	False
SEC61A1	SEC61A1	23053	21310	23053	21310	-0.11338	1.5179e+06	8.0259e+13	2.8953	0.0018941	0.99811	0.0037881	0.0084404	False
sgRNA_487	AML_TFRC-E67	12543	8167.8	12543	8167.8	-0.61876	9.5697e+06	1.1535e+13	2.8921	0.0019132	0.99809	0.0038263	0.0084404	False
sgRNA_415	AML_TFRC-E57	15197	11147	15197	11147	-0.44712	8.2021e+06	2.1269e+13	2.8905	0.0019234	0.99808	0.0038469	0.0084404	False
sgRNA_157	AML_TFRC-E29	22700	21354	22700	21354	-0.088175	9.0576e+05	7.6414e+13	2.8869	0.0019451	0.99805	0.0038902	0.0084404	False
sgRNA_194	AML_TFRC-E34	19558	16908	19558	16908	-0.21003	3.511e+06	4.7528e+13	2.8857	0.0019525	0.99805	0.0039049	0.0084404	False
sgRNA_64	AML_TFRC-E17	22304	20860	22304	20860	-0.096531	1.042e+06	7.2237e+13	2.8855	0.0019542	0.99805	0.0039084	0.0084404	False
sgRNA_361	AML_TFRC-E51	17761	14591	17761	14591	-0.28361	5.0243e+06	3.4957e+13	2.8838	0.0019643	0.99804	0.0039287	0.0084404	False
sgRNA_207	AML_TFRC-E35	21052	19259	21052	19259	-0.12846	1.6084e+06	6.0094e+13	2.8817	0.0019779	0.99802	0.0039558	0.0084404	False
sgRNA_141	AML_TFRC-E27	19298	16812	19298	16812	-0.19894	3.0901e+06	4.5546e+13	2.8808	0.0019832	0.99802	0.0039663	0.0084404	False
sgRNA_172	AML_TFRC-E32	19420	17077	19420	17077	-0.18551	2.7457e+06	4.6467e+13	2.8791	0.0019943	0.99801	0.0039886	0.0084404	False
sgRNA_504	AML_TFRC-E71	11108	7055.4	11108	7055.4	-0.65469	8.2107e+06	7.8319e+12	2.8773	0.0020052	0.99799	0.0040103	0.0084404	False
sgRNA_17	AML_TFRC-E11	23219	22973	23219	22973	-0.015333	30128	8.2118e+13	2.8752	0.0020186	0.99798	0.0040373	0.0084404	False
sgRNA_366	AML_TFRC-E51	22299	21696	22299	21696	-0.039554	1.8186e+05	7.219e+13	2.873	0.0020331	0.99797	0.0040663	0.0084404	False
sgRNA_281	AML_TFRC-E43	20348	18779	20348	18779	-0.11574	1.2306e+06	5.3922e+13	2.8725	0.002036	0.99796	0.004072	0.0084404	False
sgRNA_456	AML_TFRC-E61	15337	12067	15337	12067	-0.34597	5.3478e+06	2.1899e+13	2.8701	0.002052	0.99795	0.004104	0.0084404	False
sgRNA_295	AML_TFRC-E44	18976	16954	18976	16954	-0.1625	2.0433e+06	4.3165e+13	2.8697	0.0020543	0.99795	0.0041086	0.0084404	False
sgRNA_466	AML_TFRC-E64	22079	21615	22079	21615	-0.030621	1.0752e+05	6.9947e+13	2.8692	0.0020578	0.99794	0.0041156	0.0084404	False
sgRNA_36	AML_TFRC-E14	18744	16655	18744	16655	-0.1705	2.1831e+06	4.1508e+13	2.8692	0.0020578	0.99794	0.0041157	0.0084404	False
sgRNA_279	AML_TFRC-E42	13867	10330	13867	10330	-0.42478	6.255e+06	1.5883e+13	2.8685	0.0020623	0.99794	0.0041246	0.0084404	False
sgRNA_131	AML_TFRC-E22	14472	11059	14472	11059	-0.38808	5.8263e+06	1.8202e+13	2.8684	0.0020626	0.99794	0.0041252	0.0084404	False
sgRNA_38	AML_TFRC-E14	21847	21419	21847	21419	-0.028494	91281	6.7627e+13	2.8667	0.0020738	0.99793	0.0041476	0.0084404	False
sgRNA_269	AML_TFRC-E41	19232	17505	19232	17505	-0.13573	1.4912e+06	4.5049e+13	2.8663	0.0020762	0.99792	0.0041524	0.0084404	False
sgRNA_390	AML_TFRC-E54	22051	21993	22051	21993	-0.003786	1670.1	6.9663e+13	2.863	0.002098	0.9979	0.0041961	0.0084404	False
sgRNA_208	AML_TFRC-E36	21256	20997	21256	20997	-0.017747	33772	6.1973e+13	2.8592	0.0021235	0.99788	0.004247	0.0084404	False
sgRNA_515	AML_TFRC-E72	8637.5	5011.2	8637.5	5011.2	-0.78533	6.575e+06	3.5133e+12	2.8589	0.0021253	0.99787	0.0042507	0.0084404	False
sgRNA_410	AML_TFRC-E56	21066	20867	21066	20867	-0.013703	19829	6.0218e+13	2.8566	0.0021409	0.99786	0.0042817	0.0084404	False
sgRNA_75	AML_TFRC-E18	16153	13678	16153	13678	-0.23998	3.0642e+06	2.5836e+13	2.8565	0.0021417	0.99786	0.0042833	0.0084404	False
sgRNA_299	AML_TFRC-E45	20428	19924	20428	19924	-0.036066	1.272e+05	5.46e+13	2.8558	0.0021466	0.99785	0.0042933	0.0084404	False
sgRNA_50	AML_TFRC-E16	17473	15713	17473	15713	-0.15314	1.5484e+06	3.3183e+13	2.8522	0.0021712	0.99783	0.0043424	0.0084404	False
sgRNA_199	AML_TFRC-E34	10467	6961.8	10467	6961.8	-0.58819	6.1418e+06	6.48e+12	2.8516	0.0021749	0.99783	0.0043499	0.0084404	False
sgRNA_18	AML_TFRC-E11	15985	13674	15985	13674	-0.22528	2.6704e+06	2.4985e+13	2.8513	0.0021771	0.99782	0.0043542	0.0084404	False
sgRNA_209	AML_TFRC-E36	15204	12642	15204	12642	-0.26622	3.2819e+06	2.1298e+13	2.8509	0.0021799	0.99782	0.0043598	0.0084404	False
NonTarget_54	NonTarget_54	19474	19052	19474	19052	-0.03162	89124	4.6877e+13	2.8458	0.0022152	0.99778	0.0044303	0.0084404	False
sgRNA_480	AML_TFRC-E65	19130	18630	19130	18630	-0.038263	1.2537e+05	4.4294e+13	2.8439	0.0022283	0.99777	0.0044567	0.0084404	False
sgRNA_191	AML_TFRC-E34	18536	17734	18536	17734	-0.063753	3.2104e+05	4.0052e+13	2.8436	0.0022306	0.99777	0.0044613	0.0084404	False
sgRNA_477	AML_TFRC-E65	18159	17247	18159	17247	-0.074271	4.1516e+05	3.7513e+13	2.842	0.0022415	0.99776	0.0044831	0.0084404	False
sgRNA_276	AML_TFRC-E42	17102	15818	17102	15818	-0.11264	8.2511e+05	3.0991e+13	2.8392	0.0022615	0.99774	0.0045231	0.0084404	False
sgRNA_155	AML_TFRC-E28	18482	18059	18482	18059	-0.033386	89387	3.9684e+13	2.8363	0.002282	0.99772	0.004564	0.0084404	False
sgRNA_261	AML_TFRC-E41	17399	16416	17399	16416	-0.083866	4.8278e+05	3.2734e+13	2.836	0.0022838	0.99772	0.0045676	0.0084404	False
sgRNA_378	AML_TFRC-E52	11398	8595.1	11398	8595.1	-0.4072	3.9291e+06	8.5038e+12	2.8277	0.0023444	0.99766	0.0046888	0.0084404	False
sgRNA_354	AML_TFRC-E49	17416	16890	17416	16890	-0.044267	1.3849e+05	3.2837e+13	2.8275	0.002346	0.99765	0.0046919	0.0084404	False
sgRNA_293	AML_TFRC-E44	7392.4	4417.6	7392.4	4417.6	-0.74266	4.4248e+06	2.1393e+12	2.8201	0.0024002	0.9976	0.0048003	0.0084404	False
sgRNA_403	AML_TFRC-E55	14947	13663	14947	13663	-0.12958	8.2435e+05	2.0171e+13	2.8174	0.0024208	0.99758	0.0048415	0.0084404	False
sgRNA_73	AML_TFRC-E18	16810	16689	16810	16689	-0.010421	7320.1	2.9334e+13	2.8132	0.0024525	0.99755	0.004905	0.0084404	False
NonTarget_24	NonTarget_24	11921	9968.5	11921	9968.5	-0.25808	1.907e+06	9.8112e+12	2.803	0.0025316	0.99747	0.0050631	0.0084404	False
sgRNA_62	AML_TFRC-E17	8899.1	6424.3	8899.1	6424.3	-0.47005	3.0623e+06	3.8638e+12	2.7946	0.0025983	0.9974	0.0051966	0.0084404	False
sgRNA_185	AML_TFRC-E33	13857	13327	13857	13327	-0.056275	1.4052e+05	1.5847e+13	2.7865	0.0026637	0.99734	0.0053274	0.0084538	False
sgRNA_71	AML_TFRC-E18	12030	11408	12030	11408	-0.076634	1.937e+05	1.01e+13	2.7639	0.0028555	0.99714	0.005711	0.0084798	False
sgRNA_450	AML_TFRC-E61	10470	10384	10470	10384	-0.011963	3738.5	6.4871e+12	2.7222	0.0032422	0.99676	0.0064845	0.0086907	False
NonTarget_32	NonTarget_32	6453.4	5496.9	6453.4	5496.9	-0.23139	4.574e+05	1.3875e+12	2.6776	0.0037072	0.99629	0.0074145	0.0091581	False
sgRNA_407	AML_TFRC-E56	14603	1.2544e+05	14603	1.2544e+05	3.1025	6.1423e+09	1.8732e+13	0.025609	0.023061	0.97694	0.046122	0.046122	True
sgRNA_198	AML_TFRC-E34	15493	82315	15493	82315	2.4094	2.2326e+09	2.2618e+13	0.01405	0.013774	0.98623	0.027547	0.02769	True
sgRNA_118	AML_TFRC-E20	5565.2	17420	5565.2	17420	1.6461	7.0272e+07	8.6552e+11	0.012743	0.014869	0.98513	0.029738	0.02984	True
sgRNA_505	AML_TFRC-E71	20524	1.1504e+05	20524	1.1504e+05	2.4867	4.4668e+09	5.5416e+13	0.012697	0.012303	0.9877	0.024606	0.024819	True
sgRNA_311	AML_TFRC-E46	21172	1.1821e+05	21172	1.1821e+05	2.4811	4.7083e+09	6.1192e+13	0.012405	0.012031	0.98797	0.024062	0.024312	True
sgRNA_305	AML_TFRC-E45	15190	71981	15190	71981	2.2444	1.6126e+09	2.1237e+13	0.012324	0.01243	0.98757	0.02486	0.025031	True
sgRNA_432	AML_TFRC-E59	2553.7	5807.5	2553.7	5807.5	1.185	5.2935e+06	7.2288e+10	0.012102	0.017105	0.9829	0.034209	0.034268	True
sgRNA_304	AML_TFRC-E45	23506	1.3219e+05	23506	1.3219e+05	2.4915	5.9063e+09	8.5397e+13	0.011761	0.01139	0.98861	0.022781	0.023058	True
sgRNA_445	AML_TFRC-E60	24570	1.3698e+05	24570	1.3698e+05	2.479	6.3183e+09	9.8342e+13	0.011336	0.010999	0.989	0.021999	0.022305	True
sgRNA_176	AML_TFRC-E32	26942	1.5653e+05	26942	1.5653e+05	2.5385	8.396e+09	1.319e+14	0.011283	0.010854	0.98915	0.021707	0.022086	True
NonTarget_23	NonTarget_23	13286	51257	13286	51257	1.9477	7.2087e+08	1.386e+13	0.010199	0.010954	0.98905	0.021908	0.022251	True
NonTarget_57	NonTarget_57	21305	1.017e+05	21305	1.017e+05	2.2549	3.2315e+09	6.243e+13	0.010175	0.010248	0.98975	0.020495	0.020889	True
sgRNA_212	AML_TFRC-E36	22000	94356	22000	94356	2.1005	2.6176e+09	6.9153e+13	0.0087009	0.0090341	0.99097	0.018068	0.018545	True
sgRNA_373	AML_TFRC-E52	25229	1.1509e+05	25229	1.1509e+05	2.1896	4.0375e+09	1.0699e+14	0.0086876	0.0088605	0.99114	0.017721	0.018221	True
sgRNA_158	AML_TFRC-E29	23187	97023	23187	97023	2.065	2.7259e+09	8.176e+13	0.0081658	0.0085438	0.99146	0.017088	0.017601	True
sgRNA_337	AML_TFRC-E48	12484	39528	12484	39528	1.6628	3.6571e+08	1.1363e+13	0.0080229	0.0093285	0.99067	0.018657	0.019083	True
NonTarget_15	NonTarget_15	13349	42998	13349	42998	1.6874	4.3952e+08	1.407e+13	0.0079043	0.0091203	0.99088	0.018241	0.018689	True
NonTarget_41	NonTarget_41	17074	57112	17074	57112	1.7419	8.0149e+08	3.0829e+13	0.0072108	0.0081868	0.99181	0.016374	0.016925	True
sgRNA_460	AML_TFRC-E62	23203	85622	23203	85622	1.8836	1.9481e+09	8.1934e+13	0.0068958	0.0075319	0.99247	0.015064	0.015654	True
sgRNA_326	AML_TFRC-E47	13869	41218	13869	41218	1.5714	3.7399e+08	1.589e+13	0.0068609	0.0082273	0.99177	0.016455	0.016979	True
sgRNA_503	AML_TFRC-E71	5719.6	12088	5719.6	12088	1.0794	2.0275e+07	9.4439e+11	0.0065527	0.0098779	0.99012	0.019756	0.020171	True
sgRNA_491	AML_TFRC-E68	12083	32618	12083	32618	1.4326	2.1085e+08	1.0242e+13	0.0064167	0.0081079	0.99189	0.016216	0.016792	True
sgRNA_51	AML_TFRC-E16	17950	56457	17950	56457	1.6531	7.4142e+08	3.6155e+13	0.0064041	0.0074738	0.99253	0.014948	0.015561	True
sgRNA_433	AML_TFRC-E59	23062	79120	23062	79120	1.7785	1.5713e+09	8.036e+13	0.0062535	0.0070277	0.99297	0.014055	0.014738	True
sgRNA_500	AML_TFRC-E70	19516	62126	19516	62126	1.6705	9.0779e+08	4.7205e+13	0.0062017	0.0071984	0.9928	0.014397	0.015015	True
sgRNA_488	AML_TFRC-E68	21554	70166	21554	70166	1.7028	1.1816e+09	6.4784e+13	0.0060396	0.0069407	0.99306	0.013881	0.014608	True
sgRNA_156	AML_TFRC-E29	20583	65730	20583	65730	1.675	1.0191e+09	5.5934e+13	0.0060365	0.006997	0.993	0.013994	0.0147	True
sgRNA_187	AML_TFRC-E33	16966	49107	16966	49107	1.5332	5.1651e+08	3.0212e+13	0.0058475	0.0071109	0.99289	0.014222	0.014886	True
sgRNA_489	AML_TFRC-E68	21671	68976	21671	68976	1.6703	1.1189e+09	6.5904e+13	0.0058271	0.0067648	0.99324	0.01353	0.014289	True
sgRNA_133	AML_TFRC-E22	9796.3	22981	9796.3	22981	1.2301	8.692e+07	5.2478e+12	0.0057556	0.0079771	0.99202	0.015954	0.01655	True
NonTarget_33	NonTarget_33	24296	79271	24296	79271	1.706	1.5111e+09	9.4886e+13	0.0056437	0.0064802	0.99352	0.01296	0.013738	True
sgRNA_468	AML_TFRC-E65	19288	56888	19288	56888	1.5603	7.0686e+08	4.547e+13	0.0055759	0.0067159	0.99328	0.013432	0.014212	True
sgRNA_386	AML_TFRC-E53	27899	91823	27899	91823	1.7186	2.0432e+09	1.4743e+14	0.0052648	0.0060229	0.99398	0.012046	0.012808	True
sgRNA_401	AML_TFRC-E55	26982	87178	26982	87178	1.6919	1.8117e+09	1.3254e+14	0.0052286	0.0060305	0.99397	0.012061	0.012808	True
NonTarget_16	NonTarget_16	11010	24796	11010	24796	1.1713	9.5035e+07	7.6136e+12	0.0049965	0.0071474	0.99285	0.014295	0.014935	True
sgRNA_205	AML_TFRC-E35	24052	71917	24052	71917	1.5802	1.1456e+09	9.1878e+13	0.0049936	0.0059744	0.99403	0.011949	0.012782	True
MRPL39	MRPL39	31915	1.0296e+05	31915	1.0296e+05	1.6898	2.5239e+09	2.2632e+14	0.0047227	0.0054516	0.99455	0.010903	0.011948	True
sgRNA_302	AML_TFRC-E45	25436	74297	25436	74297	1.5464	1.1937e+09	1.0981e+14	0.0046627	0.005646	0.99435	0.011292	0.01222	True
sgRNA_248	AML_TFRC-E39	10744	23086	10744	23086	1.1035	7.6166e+07	7.0425e+12	0.0046508	0.0069186	0.99308	0.013837	0.014588	True
sgRNA_283	AML_TFRC-E43	17860	44991	17860	44991	1.3329	3.6805e+08	3.5581e+13	0.0045484	0.0060037	0.994	0.012007	0.012808	True
sgRNA_143	AML_TFRC-E28	21527	57945	21527	57945	1.4285	6.6314e+08	6.4523e+13	0.0045338	0.0057434	0.99426	0.011487	0.012379	True
sgRNA_67	AML_TFRC-E18	18497	46787	18497	46787	1.3387	4.0016e+08	3.979e+13	0.0044848	0.0059043	0.9941	0.011809	0.012655	True
sgRNA_370	AML_TFRC-E51	20967	54843	20967	54843	1.3872	5.7379e+08	5.9321e+13	0.0043983	0.0056691	0.99433	0.011338	0.012241	True
sgRNA_336	AML_TFRC-E48	17450	42633	17450	42633	1.2887	3.1708e+08	3.3045e+13	0.0043807	0.0059031	0.9941	0.011806	0.012655	True
sgRNA_3	AML_TFRC-E10	26931	76182	26931	76182	1.5002	1.2128e+09	1.3173e+14	0.0042911	0.005286	0.99471	0.010572	0.011611	True
sgRNA_371	AML_TFRC-E52	19931	50411	19931	50411	1.3387	4.6453e+08	5.0472e+13	0.0042903	0.0056489	0.99435	0.011298	0.01222	True
sgRNA_316	AML_TFRC-E46	19900	50043	19900	50043	1.3304	4.5431e+08	5.0224e+13	0.0042534	0.0056216	0.99438	0.011243	0.01222	True
sgRNA_483	AML_TFRC-E66	25824	71277	25824	71277	1.4647	1.033e+09	1.1524e+14	0.0042342	0.0052876	0.99471	0.010575	0.011611	True
sgRNA_41	AML_TFRC-E15	31767	94460	31767	94460	1.5721	1.9652e+09	2.2301e+14	0.0041981	0.0050383	0.99496	0.010077	0.011211	True
sgRNA_511	AML_TFRC-E72	19743	49008	19743	49008	1.3116	4.282e+08	4.8978e+13	0.0041816	0.0055748	0.99443	0.01115	0.012173	True
sgRNA_96	AML_TFRC-E19	19706	48618	19706	48618	1.3028	4.1794e+08	4.8684e+13	0.0041436	0.0055471	0.99445	0.011094	0.012135	True
sgRNA_263	AML_TFRC-E41	23892	62754	23892	62754	1.3931	7.5513e+08	8.9946e+13	0.0040976	0.0052689	0.99473	0.010538	0.011611	True
sgRNA_178	AML_TFRC-E32	17269	40082	17269	40082	1.2148	2.6023e+08	3.1962e+13	0.0040353	0.0056431	0.99436	0.011286	0.01222	True
sgRNA_482	AML_TFRC-E66	23757	61399	23757	61399	1.3698	7.0845e+08	8.8344e+13	0.0040048	0.0052016	0.9948	0.010403	0.011531	True
sgRNA_413	AML_TFRC-E56	12668	26067	12668	26067	1.041	8.9771e+07	1.1907e+13	0.0038832	0.0060099	0.99399	0.01202	0.012808	True
sgRNA_278	AML_TFRC-E42	22192	54882	22192	54882	1.3063	5.3434e+08	7.1091e+13	0.0038772	0.0051827	0.99482	0.010365	0.011511	True
sgRNA_8	AML_TFRC-E10	26108	66876	26108	66876	1.357	8.3104e+08	1.1933e+14	0.0037321	0.0048754	0.99512	0.0097508	0.010951	True
sgRNA_427	AML_TFRC-E57	25864	66002	25864	66002	1.3515	8.0551e+08	1.1582e+14	0.0037295	0.0048839	0.99512	0.0097679	0.010951	True
sgRNA_453	AML_TFRC-E61	18138	40421	18138	40421	1.1561	2.4828e+08	3.7376e+13	0.0036449	0.0052629	0.99474	0.010526	0.011611	True
sgRNA_122	AML_TFRC-E21	12332	24295	12332	24295	0.97821	7.1559e+07	1.0929e+13	0.0036187	0.0058463	0.99415	0.011693	0.012577	True
sgRNA_88	AML_TFRC-E18	29829	78117	29829	78117	1.3889	1.1659e+09	1.8246e+14	0.0035749	0.0046062	0.99539	0.0092123	0.01051	True
sgRNA_424	AML_TFRC-E57	35430	98472	35430	98472	1.4747	1.9872e+09	3.1577e+14	0.0035477	0.0044145	0.99559	0.008829	0.010185	True
sgRNA_406	AML_TFRC-E55	20287	45912	20287	45912	1.1783	3.2833e+08	5.3402e+13	0.0035066	0.0050018	0.995	0.010004	0.011173	True
sgRNA_197	AML_TFRC-E34	15847	32586	15847	32586	1.04	1.4009e+08	2.4308e+13	0.0033951	0.00526	0.99474	0.01052	0.011611	True
sgRNA_379	AML_TFRC-E52	18250	39003	18250	39003	1.0957	2.1535e+08	3.8115e+13	0.0033616	0.0050288	0.99497	0.010058	0.011211	True
NonTarget_14	NonTarget_14	21379	47088	21379	47088	1.1391	3.3048e+08	6.312e+13	0.003236	0.0047189	0.99528	0.0094377	0.010684	True
sgRNA_190	AML_TFRC-E33	17305	35076	17305	35076	1.0193	1.5791e+08	3.2176e+13	0.003133	0.0049219	0.99508	0.0098438	0.011015	True
sgRNA_175	AML_TFRC-E32	21147	45530	21147	45530	1.1063	2.9724e+08	6.0966e+13	0.0031227	0.0046425	0.99536	0.009285	0.010556	True
SEC61G	SEC61G	16890	32895	16890	32895	0.96164	1.2807e+08	2.9781e+13	0.0029328	0.0047976	0.9952	0.0095952	0.010799	True
sgRNA_91	AML_TFRC-E18	25584	56156	25584	56156	1.1342	4.6732e+08	1.1186e+14	0.0028905	0.0042282	0.99577	0.0084563	0.0098701	True
sgRNA_30	AML_TFRC-E13	21958	45508	21958	45508	1.0513	2.7728e+08	6.8735e+13	0.0028404	0.0043704	0.99563	0.0087407	0.010111	True
sgRNA_216	AML_TFRC-E37	25118	53918	25118	53918	1.102	4.1471e+08	1.055e+14	0.0028039	0.0041802	0.99582	0.0083604	0.0097874	True
NonTarget_36	NonTarget_36	24469	51574	24469	51574	1.0757	3.6735e+08	9.705e+13	0.0027514	0.0041688	0.99583	0.0083376	0.0097803	True
NonTarget_18	NonTarget_18	16364	30502	16364	30502	0.89835	9.9946e+07	2.6925e+13	0.0027247	0.0046785	0.99532	0.0093569	0.010613	True
sgRNA_272	AML_TFRC-E42	24899	52030	24899	52030	1.0632	3.6804e+08	1.026e+14	0.0026785	0.0040905	0.99591	0.0081809	0.0096965	True
NonTarget_9	NonTarget_9	9153.4	14570	9153.4	14570	0.67057	1.467e+07	4.2268e+12	0.0026347	0.0056345	0.99437	0.011269	0.01222	True
sgRNA_443	AML_TFRC-E60	14479	25696	14479	25696	0.82756	6.2913e+07	1.8228e+13	0.0026274	0.0047893	0.99521	0.0095785	0.010799	True
sgRNA_271	AML_TFRC-E42	23677	48034	23677	48034	1.0206	2.9664e+08	8.7389e+13	0.0026056	0.0040915	0.99591	0.008183	0.0096965	True
sgRNA_306	AML_TFRC-E45	15695	28333	15695	28333	0.85214	7.9858e+07	2.357e+13	0.0026031	0.0046444	0.99536	0.0092889	0.010556	True
sgRNA_409	AML_TFRC-E56	16944	31217	16944	31217	0.88149	1.0186e+08	3.0088e+13	0.002602	0.0045297	0.99547	0.0090594	0.010356	True
sgRNA_404	AML_TFRC-E55	23150	46465	23150	46465	1.0051	2.7179e+08	8.1342e+13	0.0025851	0.0041022	0.9959	0.0082044	0.0096988	True
sgRNA_478	AML_TFRC-E65	16829	30810	16829	30810	0.87239	9.7729e+07	2.944e+13	0.0025767	0.0045194	0.99548	0.0090389	0.010353	True
NonTarget_45	NonTarget_45	23204	46456	23204	46456	1.0015	2.7033e+08	8.1944e+13	0.0025687	0.0040863	0.99591	0.0081727	0.0096965	True
sgRNA_44	AML_TFRC-E15	23916	47849	23916	47849	1.0005	2.8639e+08	9.0241e+13	0.0025194	0.0040109	0.99599	0.0080218	0.0096024	True
sgRNA_454	AML_TFRC-E61	19960	37861	19960	37861	0.92352	1.6021e+08	5.0715e+13	0.0025136	0.0042324	0.99577	0.0084649	0.0098701	True
sgRNA_39	AML_TFRC-E14	21016	40190	21016	40190	0.93534	1.8383e+08	5.9764e+13	0.0024803	0.004139	0.99586	0.008278	0.0097497	True
sgRNA_116	AML_TFRC-E20	19282	35942	19282	35942	0.89838	1.3878e+08	4.5423e+13	0.002472	0.0042454	0.99575	0.0084908	0.0098805	True
sgRNA_170	AML_TFRC-E31	13786	23520	13786	23520	0.77064	4.7374e+07	1.559e+13	0.0024653	0.0047396	0.99526	0.0094792	0.01071	True
sgRNA_31	AML_TFRC-E13	34992	77316	34992	77316	1.1437	8.9565e+08	3.035e+14	0.0024294	0.0035354	0.99646	0.0070707	0.0090318	True
sgRNA_333	AML_TFRC-E48	17523	31299	17523	31299	0.83682	9.4886e+07	3.3486e+13	0.0023806	0.0043051	0.99569	0.0086103	0.0099797	True
sgRNA_127	AML_TFRC-E22	24962	49078	24962	49078	0.97534	2.908e+08	1.0342e+14	0.0023714	0.003843	0.99616	0.007686	0.009407	True
sgRNA_150	AML_TFRC-E28	21542	40592	21542	40592	0.91398	1.8144e+08	6.4671e+13	0.0023688	0.0040188	0.99598	0.0080377	0.0096024	True
sgRNA_134	AML_TFRC-E22	19229	35042	19229	35042	0.86575	1.2502e+08	4.5028e+13	0.0023565	0.0041572	0.99584	0.0083143	0.0097727	True
sgRNA_351	AML_TFRC-E49	22909	43652	22909	43652	0.93008	2.1512e+08	7.8678e+13	0.0023385	0.0039185	0.99608	0.007837	0.0094792	True
sgRNA_397	AML_TFRC-E55	22798	42859	22798	42859	0.91068	2.0123e+08	7.7462e+13	0.0022794	0.0038774	0.99612	0.0077548	0.0094188	True
sgRNA_11	AML_TFRC-E11	21527	39829	21527	39829	0.88763	1.6748e+08	6.4523e+13	0.0022784	0.0039478	0.99605	0.0078956	0.0095302	True
sgRNA_457	AML_TFRC-E61	26145	50745	26145	50745	0.95669	3.0257e+08	1.1987e+14	0.0022468	0.003691	0.99631	0.0073819	0.0091581	True
sgRNA_335	AML_TFRC-E48	19495	34615	19495	34615	0.82822	1.143e+08	4.7044e+13	0.0022044	0.0040176	0.99598	0.0080352	0.0096024	True
sgRNA_286	AML_TFRC-E43	28984	57280	28984	57280	0.98275	4.0034e+08	1.665e+14	0.0021929	0.0035356	0.99646	0.0070712	0.0090318	True
sgRNA_374	AML_TFRC-E52	24068	44563	24068	44563	0.88868	2.1001e+08	9.2077e+13	0.0021358	0.003698	0.9963	0.007396	0.0091581	True
NonTarget_53	NonTarget_53	20321	35809	20321	35809	0.81731	1.1994e+08	5.3692e+13	0.0021137	0.0038906	0.99611	0.0077812	0.0094312	True
sgRNA_264	AML_TFRC-E41	20661	36416	20661	36416	0.81764	1.2411e+08	5.6605e+13	0.0020941	0.0038535	0.99615	0.0077069	0.009407	True
sgRNA_33	AML_TFRC-E14	20132	35146	20132	35146	0.80382	1.1271e+08	5.2118e+13	0.0020797	0.0038757	0.99612	0.0077515	0.0094188	True
sgRNA_507	AML_TFRC-E71	18033	30499	18033	30499	0.75807	7.7698e+07	3.6694e+13	0.0020579	0.0040077	0.99599	0.0080154	0.0096024	True
sgRNA_353	AML_TFRC-E49	26435	49268	26435	49268	0.89818	2.6067e+08	1.2416e+14	0.0020491	0.0035212	0.99648	0.0070424	0.0090318	True
sgRNA_290	AML_TFRC-E44	25804	47689	25804	47689	0.88607	2.3949e+08	1.1495e+14	0.0020413	0.0035421	0.99646	0.0070843	0.0090318	True
sgRNA_426	AML_TFRC-E57	14657	23527	14657	23527	0.68274	3.9344e+07	1.8951e+13	0.0020377	0.0043006	0.9957	0.0086012	0.0099797	True
sgRNA_419	AML_TFRC-E57	27436	51392	27436	51392	0.90548	2.8696e+08	1.3977e+14	0.0020264	0.003462	0.99654	0.006924	0.0089904	True
sgRNA_29	AML_TFRC-E13	26090	48114	26090	48114	0.88297	2.4255e+08	1.1907e+14	0.0020185	0.0035115	0.99649	0.007023	0.0090318	True
sgRNA_341	AML_TFRC-E48	21716	38137	21716	38137	0.81241	1.3483e+08	6.6345e+13	0.002016	0.0037279	0.99627	0.0074557	0.0091851	True
sgRNA_372	AML_TFRC-E52	12976	20195	12976	20195	0.63811	2.6056e+07	1.2854e+13	0.0020135	0.0044814	0.99552	0.0089628	0.010286	True
sgRNA_128	AML_TFRC-E22	16056	25992	16056	25992	0.69491	4.9363e+07	2.5344e+13	0.0019737	0.0041091	0.99589	0.0082182	0.0096988	True
sgRNA_459	AML_TFRC-E61	23039	40543	23039	40543	0.81532	1.5318e+08	8.0108e+13	0.0019556	0.0036068	0.99639	0.0072136	0.0091039	True
sgRNA_274	AML_TFRC-E42	22181	38603	22181	38603	0.79937	1.3484e+08	7.0979e+13	0.0019492	0.0036482	0.99635	0.0072965	0.0091549	True
sgRNA_154	AML_TFRC-E28	16819	27306	16819	27306	0.6991	5.499e+07	2.9384e+13	0.0019346	0.0040093	0.99599	0.0080186	0.0096024	True
sgRNA_218	AML_TFRC-E37	21907	37874	21907	37874	0.78981	1.2748e+08	6.822e+13	0.0019332	0.003651	0.99635	0.0073019	0.0091549	True
sgRNA_317	AML_TFRC-E46	22073	37795	22073	37795	0.77588	1.2359e+08	6.9883e+13	0.0018807	0.0035997	0.9964	0.0071995	0.0091039	True
sgRNA_222	AML_TFRC-E37	20296	34033	20296	34033	0.74569	9.4352e+07	5.3486e+13	0.0018783	0.0037048	0.9963	0.0074096	0.0091581	True
sgRNA_380	AML_TFRC-E53	21417	36176	21417	36176	0.75622	1.0891e+08	6.3479e+13	0.0018524	0.003615	0.99638	0.00723	0.0091039	True
sgRNA_109	AML_TFRC-E20	15436	24171	15436	24171	0.64692	3.8147e+07	2.2353e+13	0.0018475	0.0040685	0.99593	0.0081369	0.0096965	True
sgRNA_388	AML_TFRC-E53	24734	42771	24734	42771	0.79011	1.6266e+08	1.0044e+14	0.0017997	0.0033984	0.9966	0.0067968	0.0089246	True
sgRNA_402	AML_TFRC-E55	23555	40139	23555	40139	0.76896	1.3752e+08	8.5966e+13	0.0017887	0.0034472	0.99655	0.0068944	0.0089765	True
NonTarget_55	NonTarget_55	11997	17580	11997	17580	0.55125	1.5586e+07	1.001e+13	0.0017647	0.00442	0.99558	0.0088401	0.010185	True
sgRNA_300	AML_TFRC-E45	25527	43672	25527	43672	0.77467	1.6462e+08	1.1107e+14	0.0017217	0.0032999	0.9967	0.0065999	0.0088049	True
sgRNA_24	AML_TFRC-E12	16564	25633	16564	25633	0.62994	4.1127e+07	2.7987e+13	0.0017143	0.0038564	0.99614	0.0077128	0.009407	True
sgRNA_435	AML_TFRC-E59	29699	52594	29699	52594	0.82447	2.6209e+08	1.7994e+14	0.0017068	0.0031228	0.99688	0.0062456	0.0085482	True
NonTarget_12	NonTarget_12	19327	30692	19327	30692	0.66724	6.4585e+07	4.5758e+13	0.0016802	0.003612	0.99639	0.0072239	0.0091039	True
sgRNA_159	AML_TFRC-E29	20324	32620	20324	32620	0.68258	7.5604e+07	5.3715e+13	0.0016778	0.0035434	0.99646	0.0070868	0.0090318	True
sgRNA_319	AML_TFRC-E47	16351	24970	16351	24970	0.61084	3.715e+07	2.6854e+13	0.0016634	0.003835	0.99616	0.00767	0.009407	True
sgRNA_416	AML_TFRC-E57	17737	27128	17737	27128	0.61296	4.4091e+07	3.4809e+13	0.0015917	0.0036599	0.99634	0.0073198	0.0091563	True
NonTarget_19	NonTarget_19	19050	29461	19050	29461	0.629	5.4194e+07	4.37e+13	0.0015749	0.0035477	0.99645	0.0070953	0.0090318	True
sgRNA_285	AML_TFRC-E43	21880	34558	21880	34558	0.65935	8.0358e+07	6.7959e+13	0.0015378	0.0033377	0.99666	0.0066753	0.0088248	True
sgRNA_375	AML_TFRC-E52	16848	25146	16848	25146	0.57773	3.4431e+07	2.9547e+13	0.0015266	0.0036821	0.99632	0.0073641	0.0091581	True
NonTarget_35	NonTarget_35	23778	38057	23778	38057	0.67848	1.0194e+08	8.8591e+13	0.001517	0.0032196	0.99678	0.0064392	0.0086699	True
NonTarget_29	NonTarget_29	27144	44626	27144	44626	0.71724	1.5282e+08	1.3509e+14	0.0015041	0.0030578	0.99694	0.0061156	0.0085297	True
NonTarget_6	NonTarget_6	15331	21943	15331	21943	0.51729	2.1859e+07	2.1871e+13	0.0014138	0.0037339	0.99627	0.0074678	0.0091851	True
sgRNA_105	AML_TFRC-E19	27523	44087	27523	44087	0.6797	1.3718e+08	1.4119e+14	0.001394	0.0029549	0.99705	0.0059098	0.0085078	True
sgRNA_138	AML_TFRC-E23	25032	39120	25032	39120	0.64412	9.9235e+07	1.0435e+14	0.0013791	0.0030496	0.99695	0.0060992	0.0085272	True
sgRNA_315	AML_TFRC-E46	21328	32156	21328	32156	0.59229	5.8617e+07	6.2642e+13	0.001368	0.0032347	0.99677	0.0064693	0.0086904	True
sgRNA_123	AML_TFRC-E21	29308	47102	29308	47102	0.68448	1.5832e+08	1.725e+14	0.0013548	0.0028563	0.99714	0.0057127	0.0084798	True
sgRNA_486	AML_TFRC-E67	25339	39176	25339	39176	0.6286	9.5733e+07	1.0848e+14	0.0013285	0.0029953	0.997	0.0059905	0.0085272	True
sgRNA_441	AML_TFRC-E60	16831	23916	16831	23916	0.50685	2.5101e+07	2.945e+13	0.0013056	0.0035076	0.99649	0.0070153	0.0090318	True
sgRNA_462	AML_TFRC-E62	22455	33514	22455	33514	0.57768	6.1144e+07	7.3815e+13	0.0012871	0.0031059	0.99689	0.0062118	0.0085482	True
sgRNA_92	AML_TFRC-E18	20833	30441	20833	30441	0.5471	4.6153e+07	5.8126e+13	0.0012602	0.0031788	0.99682	0.0063576	0.0085998	True
sgRNA_12	AML_TFRC-E11	23190	34580	23190	34580	0.57641	6.4864e+07	8.1791e+13	0.0012594	0.0030445	0.99696	0.0060891	0.0085272	True
sgRNA_148	AML_TFRC-E28	26866	41209	26866	41209	0.61715	1.0286e+08	1.3073e+14	0.0012544	0.0028703	0.99713	0.0057406	0.0084798	True
sgRNA_509	AML_TFRC-E71	18223	25808	18223	25808	0.50204	2.8768e+07	3.794e+13	0.0012315	0.0033353	0.99666	0.0066705	0.0088248	True
sgRNA_136	AML_TFRC-E23	25870	39114	25870	39114	0.5964	8.7704e+07	1.159e+14	0.0012302	0.0028934	0.99711	0.0057867	0.0084885	True
sgRNA_356	AML_TFRC-E50	26083	39318	26083	39318	0.59204	8.7576e+07	1.1897e+14	0.0012133	0.0028706	0.99713	0.0057413	0.0084798	True
sgRNA_2	AML_TFRC-E10	19775	28141	19775	28141	0.50896	3.4994e+07	4.923e+13	0.0011923	0.0031929	0.99681	0.0063859	0.008618	True
sgRNA_510	AML_TFRC-E72	18769	26406	18769	26406	0.49252	2.9166e+07	4.1681e+13	0.001183	0.0032559	0.99674	0.0065118	0.0087073	True
sgRNA_22	AML_TFRC-E12	20904	29959	20904	29959	0.51921	4.1e+07	5.8758e+13	0.0011813	0.0031117	0.99689	0.0062234	0.0085482	True
sgRNA_145	AML_TFRC-E28	17418	24174	17418	24174	0.47288	2.2824e+07	3.2848e+13	0.0011788	0.0033572	0.99664	0.0067144	0.0088564	True
sgRNA_446	AML_TFRC-E60	20128	28353	20128	28353	0.49429	3.3825e+07	5.208e+13	0.0011397	0.0031277	0.99687	0.0062555	0.0085482	True
sgRNA_56	AML_TFRC-E17	24745	36105	24745	36105	0.54507	6.453e+07	1.0058e+14	0.0011327	0.0028668	0.99713	0.0057335	0.0084798	True
sgRNA_280	AML_TFRC-E42	15935	21554	15935	21554	0.43576	1.5788e+07	2.4737e+13	0.0011298	0.0034489	0.99655	0.0068979	0.0089765	True
sgRNA_239	AML_TFRC-E38	20274	28512	20274	28512	0.49195	3.3936e+07	5.3296e+13	0.0011285	0.0031093	0.99689	0.0062186	0.0085482	True
sgRNA_202	AML_TFRC-E35	19648	27477	19648	27477	0.48382	3.0646e+07	4.8228e+13	0.0011273	0.0031498	0.99685	0.0062996	0.0085609	True
sgRNA_350	AML_TFRC-E49	21503	30537	21503	30537	0.50595	4.0799e+07	6.4298e+13	0.0011265	0.003032	0.99697	0.0060641	0.0085272	True
sgRNA_338	AML_TFRC-E48	26706	39351	26706	39351	0.5592	7.9943e+07	1.2827e+14	0.0011165	0.0027671	0.99723	0.0055341	0.0084798	True
sgRNA_476	AML_TFRC-E65	30072	45247	30072	45247	0.58937	1.1513e+08	1.8724e+14	0.0011089	0.0026337	0.99737	0.0052673	0.0084404	True
sgRNA_34	AML_TFRC-E14	22653	32103	22653	32103	0.50296	4.4647e+07	7.5909e+13	0.0010846	0.0029338	0.99707	0.0058677	0.0085078	True
sgRNA_277	AML_TFRC-E42	29087	42790	29087	42790	0.55687	9.3885e+07	1.684e+14	0.001056	0.0026263	0.99737	0.0052526	0.0084404	True
sgRNA_262	AML_TFRC-E41	19474	26692	19474	26692	0.45484	2.605e+07	4.6877e+13	0.0010542	0.0031035	0.9969	0.006207	0.0085482	True
NonTarget_7	NonTarget_7	24041	34048	24041	34048	0.50206	5.0069e+07	9.1746e+13	0.0010447	0.0028305	0.99717	0.005661	0.0084798	True
sgRNA_110	AML_TFRC-E20	20787	28716	20787	28716	0.46616	3.1436e+07	5.7715e+13	0.0010437	0.0030094	0.99699	0.0060187	0.0085272	True
sgRNA_469	AML_TFRC-E65	21506	29768	21506	29768	0.46899	3.4128e+07	6.4324e+13	0.0010301	0.0029551	0.99704	0.0059102	0.0085078	True
sgRNA_61	AML_TFRC-E17	18383	24814	18383	24814	0.43275	2.0678e+07	3.901e+13	0.0010296	0.0031625	0.99684	0.0063249	0.0085754	True
sgRNA_177	AML_TFRC-E32	16346	21652	16346	21652	0.40553	1.4076e+07	2.683e+13	0.0010243	0.0033268	0.99667	0.0066537	0.0088248	True
sgRNA_45	AML_TFRC-E15	20465	28006	20465	28006	0.45258	2.8434e+07	5.491e+13	0.0010177	0.0030089	0.99699	0.0060177	0.0085272	True
sgRNA_52	AML_TFRC-E16	22215	30781	22215	30781	0.47046	3.6685e+07	7.1332e+13	0.0010142	0.0029018	0.9971	0.0058037	0.0084885	True
sgRNA_444	AML_TFRC-E60	13582	17445	13582	17445	0.36111	7.4616e+06	1.4866e+13	0.0010019	0.0035999	0.9964	0.0071998	0.0091039	True
sgRNA_359	AML_TFRC-E50	16203	21309	16203	21309	0.39517	1.3035e+07	2.6091e+13	0.0009996	0.0033202	0.99668	0.0066404	0.0088248	True
sgRNA_428	AML_TFRC-E57	23817	33236	23817	33236	0.48077	4.4364e+07	8.9045e+13	0.00099822	0.0028046	0.9972	0.0056092	0.0084798	True
sgRNA_20	AML_TFRC-E12	19683	26627	19683	26627	0.43587	2.4104e+07	4.8506e+13	0.00099693	0.0030436	0.99696	0.0060871	0.0085272	True
sgRNA_289	AML_TFRC-E44	12736	16043	12736	16043	0.33296	5.4665e+06	1.2112e+13	0.00095009	0.0036672	0.99633	0.0073345	0.0091563	True
sgRNA_27	AML_TFRC-E13	24450	33738	24450	33738	0.46451	4.3132e+07	9.6821e+13	0.00094391	0.0027304	0.99727	0.0054607	0.0084798	True
sgRNA_165	AML_TFRC-E30	25502	35423	25502	35423	0.47407	4.9216e+07	1.1073e+14	0.00094284	0.0026808	0.99732	0.0053616	0.0084538	True
sgRNA_101	AML_TFRC-E19	26774	37234	26774	37234	0.4758	5.4711e+07	1.293e+14	0.00091993	0.0026077	0.99739	0.0052155	0.0084404	True
sgRNA_273	AML_TFRC-E42	22374	30116	22374	30116	0.42866	2.9965e+07	7.2971e+13	0.00090625	0.0028071	0.99719	0.0056141	0.0084798	True
sgRNA_182	AML_TFRC-E32	18465	24068	18465	24068	0.38234	1.57e+07	3.9566e+13	0.00089084	0.0030458	0.99695	0.0060917	0.0085272	True
sgRNA_391	AML_TFRC-E54	8216.1	9748.2	8216.1	9748.2	0.24665	1.1737e+06	2.9956e+12	0.0008852	0.0044769	0.99552	0.0089538	0.010286	True
sgRNA_72	AML_TFRC-E18	20701	27300	20701	27300	0.39919	2.1774e+07	5.6955e+13	0.00087441	0.0028799	0.99712	0.0057599	0.0084798	True
sgRNA_246	AML_TFRC-E39	24456	33061	24456	33061	0.43493	3.7024e+07	9.6889e+13	0.00087421	0.0026746	0.99733	0.0053492	0.0084538	True
sgRNA_339	AML_TFRC-E48	20696	27264	20696	27264	0.39765	2.1572e+07	5.6915e+13	0.00087065	0.0028772	0.99712	0.0057544	0.0084798	True
sgRNA_282	AML_TFRC-E43	19678	25675	19678	25675	0.38377	1.7983e+07	4.8463e+13	0.00086147	0.0029361	0.99706	0.0058722	0.0085078	True
sgRNA_418	AML_TFRC-E57	34825	49620	34825	49620	0.51078	1.0944e+08	2.9891e+14	0.00085574	0.0022863	0.99771	0.0045726	0.0084404	True
sgRNA_181	AML_TFRC-E32	23856	31862	23856	31862	0.41747	3.2048e+07	8.9511e+13	0.0008462	0.0026816	0.99732	0.0053632	0.0084538	True
sgRNA_256	AML_TFRC-E40	19238	24917	19238	24917	0.37321	1.613e+07	4.5089e+13	0.00084586	0.002954	0.99705	0.005908	0.0085078	True
NonTarget_28	NonTarget_28	21196	27803	21196	27803	0.3914	2.1823e+07	6.1418e+13	0.00084299	0.0028245	0.99718	0.0056491	0.0084798	True
sgRNA_214	AML_TFRC-E36	14082	17514	14082	17514	0.31464	5.8895e+06	1.6682e+13	0.00084028	0.0034119	0.99659	0.0068239	0.0089401	True
sgRNA_180	AML_TFRC-E32	25551	34374	25551	34374	0.42791	3.892e+07	1.1141e+14	0.00083587	0.0025934	0.99741	0.0051868	0.0084404	True
sgRNA_423	AML_TFRC-E57	14058	17395	14058	17395	0.30723	5.5668e+06	1.6593e+13	0.00081912	0.0033978	0.9966	0.0067957	0.0089246	True
sgRNA_467	AML_TFRC-E65	23008	30252	23008	30252	0.39488	2.6239e+07	7.9766e+13	0.00081111	0.0026971	0.9973	0.0053942	0.0084538	True
sgRNA_40	AML_TFRC-E15	17171	21698	17171	21698	0.33761	1.0249e+07	3.1387e+13	0.00080814	0.0030827	0.99692	0.0061654	0.0085482	True
NonTarget_27	NonTarget_27	27354	36732	27354	36732	0.42527	4.3973e+07	1.3845e+14	0.00079702	0.0024862	0.99751	0.0049724	0.0084404	True
sgRNA_183	AML_TFRC-E32	20441	26302	20441	26302	0.36369	1.7175e+07	5.4708e+13	0.00079239	0.002831	0.99717	0.005662	0.0084798	True
sgRNA_327	AML_TFRC-E47	21580	27966	21580	27966	0.37398	2.0392e+07	6.5028e+13	0.00079195	0.0027612	0.99724	0.0055224	0.0084798	True
sgRNA_166	AML_TFRC-E30	25517	33846	25517	33846	0.40754	3.4691e+07	1.1093e+14	0.00079086	0.0025591	0.99744	0.0051182	0.0084404	True
sgRNA_437	AML_TFRC-E60	13579	16572	13579	16572	0.2874	4.4805e+06	1.4856e+13	0.00077665	0.003421	0.99658	0.006842	0.0089437	True
sgRNA_254	AML_TFRC-E40	20754	26585	20754	26585	0.35719	1.6998e+07	5.7426e+13	0.00076942	0.002793	0.99721	0.005586	0.0084798	True
sgRNA_63	AML_TFRC-E17	21720	27943	21720	27943	0.36347	1.9365e+07	6.638e+13	0.00076384	0.0027307	0.99727	0.0054613	0.0084798	True
sgRNA_270	AML_TFRC-E41	23192	29931	23192	29931	0.36801	2.2708e+07	8.1811e+13	0.00074507	0.0026349	0.99737	0.0052698	0.0084404	True
sgRNA_221	AML_TFRC-E37	16577	20522	16577	20522	0.30799	7.7822e+06	2.8055e+13	0.00074483	0.0030836	0.99692	0.0061673	0.0085482	True
sgRNA_343	AML_TFRC-E48	17087	21188	17087	21188	0.31034	8.4096e+06	3.0902e+13	0.00073774	0.0030337	0.99697	0.0060674	0.0085272	True
sgRNA_94	AML_TFRC-E18	23638	30476	23638	30476	0.36658	2.3382e+07	8.6931e+13	0.00073345	0.0026028	0.9974	0.0052055	0.0084404	True
sgRNA_125	AML_TFRC-E21	28898	38134	28898	38134	0.40011	4.2653e+07	1.6492e+14	0.0007192	0.002365	0.99763	0.00473	0.0084404	True
sgRNA_475	AML_TFRC-E65	26542	34500	26542	34500	0.37833	3.1669e+07	1.2577e+14	0.00070965	0.0024499	0.99755	0.0048999	0.0084404	True
sgRNA_345	AML_TFRC-E48	16623	20228	16623	20228	0.28314	6.4972e+06	2.8306e+13	0.00067755	0.003026	0.99697	0.006052	0.0085272	True
sgRNA_103	AML_TFRC-E19	18990	23387	18990	23387	0.30045	9.6661e+06	4.3263e+13	0.00066847	0.0028304	0.99717	0.0056608	0.0084798	True
sgRNA_463	AML_TFRC-E64	22118	27684	22118	27684	0.3238	1.5489e+07	7.0342e+13	0.00066362	0.0026281	0.99737	0.0052563	0.0084404	True
sgRNA_434	AML_TFRC-E59	22053	27532	22053	27532	0.32013	1.5011e+07	6.9682e+13	0.00065638	0.0026261	0.99737	0.0052521	0.0084404	True
sgRNA_108	AML_TFRC-E19	34378	45380	34378	45380	0.40053	6.0515e+07	2.8685e+14	0.00064955	0.0021344	0.99787	0.0042687	0.0084404	True
sgRNA_153	AML_TFRC-E28	26375	33442	26375	33442	0.34249	2.4973e+07	1.2326e+14	0.00063655	0.0023988	0.9976	0.0047976	0.0084404	True
sgRNA_161	AML_TFRC-E29	21822	27009	21822	27009	0.30763	1.3451e+07	6.7385e+13	0.00063184	0.0026197	0.99738	0.0052393	0.0084404	True
sgRNA_4	AML_TFRC-E10	17246	20702	17246	20702	0.26353	5.9736e+06	3.1828e+13	0.00061268	0.0029208	0.99708	0.0058416	0.0085078	True
sgRNA_7	AML_TFRC-E10	18626	22447	18626	22447	0.26916	7.2987e+06	4.068e+13	0.00059902	0.0028015	0.9972	0.0056031	0.0084798	True
sgRNA_211	AML_TFRC-E36	19249	23073	19249	23073	0.26136	7.3085e+06	4.5178e+13	0.00056881	0.0027326	0.99727	0.0054653	0.0084798	True
sgRNA_37	AML_TFRC-E14	20685	24835	20685	24835	0.26375	8.6097e+06	5.682e+13	0.0005505	0.002623	0.99738	0.005246	0.0084404	True
sgRNA_60	AML_TFRC-E17	21824	26278	21824	26278	0.26791	9.9172e+06	6.7403e+13	0.00054246	0.0025484	0.99745	0.0050968	0.0084404	True
sgRNA_498	AML_TFRC-E70	18668	22128	18668	22128	0.24526	5.984e+06	4.0972e+13	0.00054046	0.0027518	0.99725	0.0055037	0.0084798	True
NonTarget_47	NonTarget_47	19464	23148	19464	23148	0.25006	6.7852e+06	4.68e+13	0.00053848	0.0026936	0.99731	0.0053872	0.0084538	True
sgRNA_267	AML_TFRC-E41	17724	20781	17724	20781	0.22955	4.6726e+06	3.4724e+13	0.00051878	0.002807	0.99719	0.005614	0.0084798	True
sgRNA_129	AML_TFRC-E22	22122	26362	22122	26362	0.253	8.9909e+06	7.0379e+13	0.00050547	0.002502	0.9975	0.005004	0.0084404	True
sgRNA_355	AML_TFRC-E50	24193	28711	24193	28711	0.24701	1.0206e+07	9.3603e+13	0.00046699	0.002363	0.99764	0.0047261	0.0084404	True
sgRNA_102	AML_TFRC-E19	23526	27840	23526	27840	0.24292	9.3076e+06	8.5628e+13	0.00046626	0.0023957	0.9976	0.0047913	0.0084404	True
NonTarget_49	NonTarget_49	29259	35163	29259	35163	0.26518	1.743e+07	1.7159e+14	0.00045074	0.002138	0.99786	0.0042761	0.0084404	True
sgRNA_411	AML_TFRC-E56	19777	22922	19777	22922	0.21288	4.9446e+06	4.9244e+13	0.00044813	0.0026004	0.9974	0.0052007	0.0084404	True
NonTarget_44	NonTarget_44	20702	24036	20702	24036	0.2154	5.5573e+06	5.6971e+13	0.00044169	0.0025353	0.99746	0.0050706	0.0084404	True
sgRNA_307	AML_TFRC-E45	15175	17136	15175	17136	0.17531	1.9225e+06	2.1172e+13	0.00042615	0.0029637	0.99704	0.0059273	0.0085114	True
sgRNA_268	AML_TFRC-E41	23563	27502	23563	27502	0.22301	7.7585e+06	8.6061e+13	0.00042462	0.0023606	0.99764	0.0047213	0.0084404	True
NonTarget_30	NonTarget_30	17220	19596	17220	19596	0.18646	2.8225e+06	3.1673e+13	0.00042217	0.0027714	0.99723	0.0055427	0.0084798	True
sgRNA_112	AML_TFRC-E20	24839	29057	24839	29057	0.22629	8.8972e+06	1.0181e+14	0.00041806	0.0022932	0.99771	0.0045864	0.0084404	True
sgRNA_447	AML_TFRC-E61	18101	20561	18101	20561	0.18383	3.0258e+06	3.7138e+13	0.00040367	0.0026857	0.99731	0.0053714	0.0084538	True
sgRNA_65	AML_TFRC-E18	20861	23819	20861	23819	0.19129	4.3748e+06	5.8376e+13	0.00038715	0.002482	0.99752	0.004964	0.0084404	True
sgRNA_121	AML_TFRC-E21	30076	35348	30076	35348	0.23305	1.3902e+07	1.8732e+14	0.00038527	0.0020571	0.99794	0.0041143	0.0084404	True
sgRNA_84	AML_TFRC-E18	17836	20030	17836	20030	0.1673	2.4051e+06	3.5432e+13	0.00036846	0.0026784	0.99732	0.0053568	0.0084538	True
sgRNA_140	AML_TFRC-E27	24351	27887	24351	27887	0.19562	6.2523e+06	9.5566e+13	0.00036173	0.0022716	0.99773	0.0045431	0.0084404	True
sgRNA_15	AML_TFRC-E11	21138	23910	21138	23910	0.17772	3.84e+06	6.0883e+13	0.00035517	0.0024397	0.99756	0.0048793	0.0084404	True
sgRNA_358	AML_TFRC-E50	25556	29173	25556	29173	0.19099	6.543e+06	1.1147e+14	0.00034263	0.0022004	0.9978	0.0044008	0.0084404	True
sgRNA_362	AML_TFRC-E51	23332	26402	23332	26402	0.1783	4.7111e+06	8.3404e+13	0.00033611	0.002302	0.9977	0.0046039	0.0084404	True
sgRNA_243	AML_TFRC-E38	22995	25958	22995	25958	0.17489	4.3913e+06	7.9616e+13	0.00033213	0.0023164	0.99768	0.0046329	0.0084404	True
sgRNA_291	AML_TFRC-E44	20205	22601	20205	22601	0.1617	2.8715e+06	5.272e+13	0.00033005	0.0024781	0.99752	0.0049562	0.0084404	True
sgRNA_259	AML_TFRC-E40	16726	18481	16726	18481	0.14398	1.5407e+06	2.8867e+13	0.00032672	0.0027377	0.99726	0.0054754	0.0084798	True
sgRNA_90	AML_TFRC-E18	12969	14127	12969	14127	0.12346	6.7134e+05	1.2831e+13	0.00032349	0.0031378	0.99686	0.0062755	0.0085482	True
sgRNA_449	AML_TFRC-E61	18838	20875	18838	20875	0.14815	2.0755e+06	4.2172e+13	0.00031374	0.0025589	0.99744	0.0051179	0.0084404	True
sgRNA_164	AML_TFRC-E30	18173	20087	18173	20087	0.14443	1.8309e+06	3.7609e+13	0.00031203	0.0026072	0.99739	0.0052144	0.0084404	True
sgRNA_352	AML_TFRC-E49	22074	24642	22074	24642	0.15878	3.2981e+06	6.9892e+13	0.00030721	0.0023469	0.99765	0.0046937	0.0084404	True
sgRNA_461	AML_TFRC-E62	19610	21731	19610	21731	0.14817	2.2498e+06	4.793e+13	0.00030639	0.0024988	0.9975	0.0049977	0.0084404	True
sgRNA_204	AML_TFRC-E35	21025	23306	21025	23306	0.14861	2.6021e+06	5.9847e+13	0.00029489	0.0023985	0.9976	0.0047971	0.0084404	True
sgRNA_309	AML_TFRC-E46	27303	30697	27303	30697	0.16905	5.7611e+06	1.3763e+14	0.00028934	0.0020839	0.99792	0.0041679	0.0084404	True
sgRNA_135	AML_TFRC-E23	20424	22483	20424	22483	0.13861	2.1213e+06	5.4561e+13	0.00027885	0.0024233	0.99758	0.0048465	0.0084404	True
NonTarget_40	NonTarget_40	29625	33229	29625	33229	0.16564	6.4956e+06	1.7852e+14	0.00026976	0.0019808	0.99802	0.0039617	0.0084404	True
sgRNA_227	AML_TFRC-E37	28096	31402	28096	31402	0.16051	5.4664e+06	1.5077e+14	0.00026928	0.0020368	0.99796	0.0040736	0.0084404	True
sgRNA_168	AML_TFRC-E31	21361	23478	21361	23478	0.13633	2.241e+06	6.2949e+13	0.00026683	0.002356	0.99764	0.004712	0.0084404	True
sgRNA_82	AML_TFRC-E18	27945	31189	27945	31189	0.15842	5.2604e+06	1.4821e+14	0.00026643	0.0020403	0.99796	0.0040807	0.0084404	True
sgRNA_78	AML_TFRC-E18	24259	26698	24259	26698	0.13824	2.9756e+06	9.4423e+13	0.00025105	0.0021879	0.99781	0.0043757	0.0084404	True
sgRNA_310	AML_TFRC-E46	20234	22022	20234	22022	0.12216	1.5986e+06	5.2962e+13	0.0002457	0.0024091	0.99759	0.0048182	0.0084404	True
sgRNA_387	AML_TFRC-E53	24067	26416	24067	26416	0.13436	2.7593e+06	9.2066e+13	0.00024483	0.0021923	0.99781	0.0043845	0.0084404	True
sgRNA_35	AML_TFRC-E14	20079	21765	20079	21765	0.1163	1.421e+06	5.1684e+13	0.0002345	0.0024102	0.99759	0.0048204	0.0084404	True
sgRNA_79	AML_TFRC-E18	18838	20359	18838	20359	0.112	1.1565e+06	4.2172e+13	0.00023419	0.0024956	0.9975	0.0049912	0.0084404	True
sgRNA_474	AML_TFRC-E65	13424	14305	13424	14305	0.091708	3.8814e+05	1.4321e+13	0.00023282	0.0030074	0.99699	0.0060149	0.0085272	True
sgRNA_146	AML_TFRC-E28	19731	21345	19731	21345	0.11342	1.3023e+06	4.8877e+13	0.00023084	0.0024305	0.99757	0.004861	0.0084404	True
sgRNA_70	AML_TFRC-E18	22265	24102	22265	24102	0.11437	1.6873e+06	7.1844e+13	0.00021673	0.0022641	0.99774	0.0045282	0.0084404	True
sgRNA_258	AML_TFRC-E40	22516	24385	22516	24385	0.11506	1.7473e+06	7.4454e+13	0.00021665	0.0022502	0.99775	0.0045004	0.0084404	True
sgRNA_55	AML_TFRC-E16	25570	27833	25570	27833	0.12232	2.5596e+06	1.1167e+14	0.0002141	0.0020974	0.9979	0.0041948	0.0084404	True
sgRNA_357	AML_TFRC-E50	21666	23361	21666	23361	0.10867	1.4368e+06	6.586e+13	0.00020888	0.0022919	0.99771	0.0045838	0.0084404	True
sgRNA_396	AML_TFRC-E55	20561	22087	20561	22087	0.10329	1.1645e+06	5.5737e+13	0.00020442	0.0023553	0.99764	0.0047106	0.0084404	True
sgRNA_313	AML_TFRC-E46	26614	28724	26614	28724	0.11007	2.2262e+06	1.2686e+14	0.00018735	0.002031	0.99797	0.004062	0.0084404	True
sgRNA_376	AML_TFRC-E52	10104	10518	10104	10518	0.057912	85651	5.7917e+12	0.00017198	0.0034755	0.99652	0.0069511	0.0090055	True
sgRNA_331	AML_TFRC-E47	16808	17578	16808	17578	0.064587	2.9616e+05	2.9324e+13	0.00014212	0.0025836	0.99742	0.0051672	0.0084404	True
sgRNA_192	AML_TFRC-E34	25034	26395	25034	26395	0.076376	9.2626e+05	1.0438e+14	0.00013322	0.0020573	0.99794	0.0041146	0.0084404	True
NonTarget_3	NonTarget_3	13606	14116	13606	14116	0.053104	1.3015e+05	1.4951e+13	0.00013195	0.0029047	0.9971	0.0058094	0.0084885	True
sgRNA_193	AML_TFRC-E34	25508	26891	25508	26891	0.076201	9.5709e+05	1.108e+14	0.00013144	0.0020344	0.99797	0.0040688	0.0084404	True
NonTarget_17	NonTarget_17	22531	23448	22531	23448	0.057531	4.2017e+05	7.4617e+13	0.00010612	0.0021614	0.99784	0.0043227	0.0084404	True
sgRNA_58	AML_TFRC-E17	11775	12100	11775	12100	0.039209	52630	9.4328e+12	0.00010564	0.0031338	0.99687	0.0062675	0.0085482	True
sgRNA_328	AML_TFRC-E47	25116	26172	25116	26172	0.059402	5.5732e+05	1.0547e+14	0.0001028	0.0020293	0.99797	0.0040587	0.0084404	True
sgRNA_237	AML_TFRC-E38	23659	24600	23659	24600	0.056254	4.4255e+05	8.7186e+13	0.00010076	0.0020979	0.9979	0.0041957	0.0084404	True
sgRNA_320	AML_TFRC-E47	19068	19706	19068	19706	0.047477	2.035e+05	4.3833e+13	9.636e-05	0.0023694	0.99763	0.0047388	0.0084404	True
sgRNA_303	AML_TFRC-E45	16498	16979	16498	16979	0.041465	1.1571e+05	2.7632e+13	9.1518e-05	0.0025707	0.99743	0.0051415	0.0084404	True
sgRNA_340	AML_TFRC-E48	23171	23976	23171	23976	0.049263	3.2394e+05	8.1577e+13	8.9118e-05	0.0021137	0.99789	0.0042274	0.0084404	True
sgRNA_184	AML_TFRC-E32	25725	26543	25725	26543	0.045184	3.3493e+05	1.1384e+14	7.671e-05	0.0019811	0.99802	0.0039623	0.0084404	True
sgRNA_417	AML_TFRC-E57	24526	25042	24526	25042	0.03004	1.3316e+05	9.7775e+13	5.219e-05	0.0020167	0.99798	0.0040333	0.0084404	True
sgRNA_292	AML_TFRC-E44	27503	28121	27503	28121	0.032086	1.913e+05	1.4086e+14	5.2116e-05	0.001887	0.99811	0.003774	0.0084404	True
sgRNA_219	AML_TFRC-E37	22752	23161	22752	23161	0.025675	83460	7.6971e+13	4.6568e-05	0.002102	0.9979	0.004204	0.0084404	True
sgRNA_506	AML_TFRC-E71	21489	21793	21489	21793	0.020259	46180	6.4159e+13	3.7941e-05	0.0021662	0.99783	0.0043324	0.0084404	True
sgRNA_201	AML_TFRC-E34	24526	24857	24526	24857	0.019341	54790	9.7775e+13	3.3477e-05	0.0020018	0.998	0.0040035	0.0084404	True
sgRNA_519	AML_TFRC-E72	24179	24478	24179	24478	0.017735	44723	9.3435e+13	3.094e-05	0.0020165	0.99798	0.004033	0.0084404	True
sgRNA_113	AML_TFRC-E20	35586	35983	35586	35983	0.015988	78637	3.2023e+14	2.2162e-05	0.0016018	0.9984	0.0032037	0.0084404	True
sgRNA_14	AML_TFRC-E11	17263	17384	17263	17384	0.010059	7295.8	3.1929e+13	2.1377e-05	0.0024487	0.99755	0.0048974	0.0084404	True
sgRNA_508	AML_TFRC-E71	21364	21383	21364	21383	0.0013178	190.59	6.2974e+13	2.4603e-06	0.0021453	0.99785	0.0042907	0.0084404	True
sgRNA_238	AML_TFRC-E38	18057	18057	18057	18057	0	0	3.6848e+13	0	0.0023678	0.99763	0.0047356	0.0084404	False
