id	num	neg|score	neg|p-value	neg|fdr	neg|rank	neg|goodsgrna	neg|lfc	pos|score	pos|p-value	pos|fdr	pos|rank	pos|goodsgrna	pos|lfc
AML_TFRC-E50	6	0.0052061	0.023122	0.725849	1	3	-0.027934	0.19573	0.39698	0.967152	23	3	-0.027934
AML_TFRC-E18	30	0.011741	0.080045	0.725849	2	15	-0.12684	0.53524	0.88071	0.967152	47	10	-0.12684
AML_TFRC-E56	7	0.017322	0.069975	0.725849	3	6	-0.26199	0.79188	0.88305	0.967152	61	1	-0.26199
AML_TFRC-E10	8	0.018294	0.07481	0.725849	4	4	-0.098154	0.19727	0.43155	0.967152	24	4	-0.098154
AML_TFRC-E32	14	0.024057	0.11606	0.725849	5	9	-0.28404	0.53375	0.81352	0.967152	46	2	-0.28404
AML_TFRC-E36	7	0.025557	0.093132	0.725849	6	4	-0.37374	0.46355	0.68207	0.967152	40	2	-0.37374
AML_TFRC-E35	6	0.025805	0.090704	0.725849	7	4	-0.25113	0.0052061	0.022562	0.293312	5	2	-0.25113
AML_TFRC-E51	10	0.028272	0.11531	0.725849	8	4	0.04988	0.16219	0.40848	0.967152	21	4	0.04988
AML_TFRC-E47	14	0.030985	0.14031	0.725849	9	7	-0.073288	0.29882	0.62258	0.967152	29	5	-0.073288
AML_TFRC-E28	13	0.033387	0.14517	0.725849	10	4	-0.031172	0.31511	0.63178	0.967152	32	6	-0.031172
AML_TFRC-E52	9	0.035329	0.13268	0.725849	11	5	-0.17955	0.43648	0.69733	0.967152	38	2	-0.17955
AML_TFRC-E44	7	0.036323	0.12294	0.725849	12	3	-0.021615	0.51864	0.72865	0.967152	45	2	-0.021615
AML_TFRC-E61	13	0.037171	0.15664	0.72725	13	6	-0.10985	0.76133	0.9241	0.967152	59	3	-0.10985
AML_TFRC-E69	3	0.038622	0.09465	0.725849	14	2	-0.27902	0.57445	0.60937	0.967152	48	1	-0.27902
NonTarget	53	0.040173	0.23851	0.815943	15	22	-0.01179	0.64312	0.95227	0.967152	52	18	-0.01179
AML_TFRC-E11	9	0.053468	0.18125	0.785433	16	1	0.33431	0.0012129	0.0075774	0.164177	3	7	0.33431
AML_TFRC-E57	17	0.053599	0.22224	0.815943	17	10	-0.15503	0.87321	0.97232	0.972323	64	4	-0.15503
AML_TFRC-E65	14	0.081282	0.28217	0.873392	18	8	-0.19815	0.50176	0.79511	0.967152	43	3	-0.19815
AML_TFRC-E14	7	0.082165	0.23605	0.815943	19	3	-0.062242	0.68961	0.82291	0.967152	56	2	-0.062242
AML_TFRC-E59	6	0.085482	0.22254	0.815943	20	4	-0.17815	0.046047	0.14122	0.834504	11	1	-0.17815
AML_TFRC-E54	6	0.12496	0.29587	0.874159	21	3	-0.12997	0.36387	0.58136	0.967152	33	2	-0.12997
AML_TFRC-E49	8	0.15513	0.37946	0.948639	22	4	-0.15667	0.5897	0.79035	0.967152	49	3	-0.15667
AML_TFRC-E39	6	0.16028	0.35768	0.929961	23	1	0.20711	0.029243	0.10084	0.655487	10	5	0.20711
AML_TFRC-E62	3	0.16765	0.27876	0.873392	24	2	-0.23435	0.49299	0.55742	0.967152	42	1	-0.23435
AML_TFRC-E20	10	0.17643	0.43488	0.970041	25	5	-0.090041	0.44155	0.71141	0.967152	39	3	-0.090041
AML_TFRC-E48	15	0.19116	0.49976	0.970041	26	8	-0.13268	0.7689	0.93558	0.967152	60	3	-0.13268
AML_TFRC-E15	9	0.19251	0.43985	0.970041	27	3	-0.09005	0.090742	0.26715	0.967152	13	4	-0.09005
AML_TFRC-E72	11	0.19927	0.47452	0.970041	28	5	-0.048703	0.61265	0.83935	0.967152	51	2	-0.048703
AML_TFRC-E68	7	0.24893	0.48939	0.970041	29	4	-0.15233	0.86813	0.91467	0.967152	63	1	-0.15233
AML_TFRC-E71	9	0.28267	0.5567	0.970041	30	4	0.059424	0.65727	0.83874	0.967152	54	2	0.059424
AML_TFRC-E46	9	0.29034	0.56383	0.970041	31	3	-0.081573	0.15284	0.37526	0.967152	20	3	-0.081573
AML_TFRC-E60	10	0.29771	0.58606	0.970041	32	4	-0.0051808	0.16567	0.41351	0.967152	22	3	-0.0051808
AML_TFRC-E29	6	0.32248	0.54028	0.970041	33	3	-0.084974	0.47469	0.67355	0.967152	41	2	-0.084974
AML_TFRC-E31	4	0.32338	0.47753	0.970041	34	1	0.71416	0.0010031	0.0037013	0.120292	2	3	0.71416
AML_TFRC-E53	10	0.32609	0.61898	0.981303	35	5	-0.085348	0.50919	0.76395	0.967152	44	3	-0.085348
SEC61G	1	0.34	0.34016	0.929961	36	1	-0.17941	0.66	0.66246	0.967152	55	0	-0.17941
HARS	1	0.34696	0.3475	0.929961	37	1	-0.20332	0.65304	0.6558	0.967152	53	0	-0.20332
AML_TFRC-E41	11	0.37637	0.67373	0.999136	38	4	-0.080314	0.85756	0.95049	0.967152	62	3	-0.080314
AML_TFRC-E64	4	0.37908	0.53043	0.970041	39	2	-0.075062	0.40267	0.55059	0.967152	35	1	-0.075062
AML_TFRC-E55	11	0.38966	0.68609	0.999136	40	4	0.30777	0.0053111	0.029765	0.308488	6	7	0.30777
AML_TFRC-E40	9	0.44488	0.7063	0.999136	41	4	-0.090629	0.22045	0.47972	0.967152	25	4	-0.090629
AML_TFRC-E67	3	0.46941	0.55241	0.970041	42	1	-0.06215	0.71703	0.72037	0.967152	57	1	-0.06215
AML_TFRC-E22	9	0.4977	0.75277	0.999136	43	4	0.10012	0.22961	0.4935	0.967152	26	5	0.10012
AML_TFRC-E16	7	0.5592	0.76388	0.999136	44	1	0.041132	0.38069	0.61179	0.967152	34	3	0.041132
ATP5B	1	0.57304	0.57377	0.970041	45	0	0.055842	0.42696	0.42719	0.967152	37	0	0.055842
SEC61A1	1	0.59565	0.59695	0.970041	46	0	0.072903	0.40435	0.40427	0.967152	36	0	0.072903
AML_TFRC-E34	11	0.59619	0.83153	0.999136	47	2	0.29452	0.002751	0.016998	0.276218	4	8	0.29452
AML_TFRC-E19	14	0.62625	0.86815	0.999136	48	5	0.061254	0.093245	0.30844	0.967152	15	6	0.061254
AML_TFRC-E43	8	0.66054	0.84013	0.999136	49	3	0.069836	0.09179	0.2571	0.967152	14	4	0.069836
AML_TFRC-E27	4	0.67395	0.73173	0.999136	50	1	0.058812	0.30566	0.45631	0.967152	31	2	0.058812
AML_TFRC-E38	17	0.68725	0.91471	0.999136	51	5	0.016811	0.05355	0.22064	0.967152	12	6	0.016811
MRPL39	1	0.7	0.70094	0.999136	52	0	0.16417	0.3	0.30055	0.967152	30	1	0.16417
AML_TFRC-E17	9	0.76776	0.90351	0.999136	53	2	0.046705	0.89097	0.94716	0.967152	65	1	0.046705
CARS	1	0.76783	0.76961	0.999136	54	0	0.2863	0.23217	0.23199	0.967152	28	1	0.2863
AML_TFRC-E70	3	0.7696	0.76904	0.999136	55	1	-0.087117	0.74943	0.74945	0.967152	58	1	-0.087117
AML_TFRC-E12	6	0.8381	0.88481	0.999136	56	1	0.16581	0.017337	0.063442	0.515463	8	5	0.16581
AML_TFRC-E30	5	0.84409	0.86265	0.999136	57	1	0.12647	0.23046	0.42097	0.967152	27	3	0.12647
AML_TFRC-E13	8	0.87698	0.93759	0.999136	58	1	0.13401	0.12812	0.32907	0.967152	16	4	0.13401
AML_TFRC-E23	4	0.88819	0.88848	0.999136	59	0	0.16573	0.13025	0.26645	0.967152	17	3	0.16573
AML_TFRC-E33	6	0.94126	0.94158	0.999136	60	1	0.011178	0.60515	0.75433	0.967152	50	2	0.011178
AML_TFRC-E42	10	0.94336	0.9761	0.999136	61	1	0.26569	0.0061314	0.033222	0.308488	7	7	0.26569
AML_TFRC-E45	13	0.95689	0.98704	0.999136	62	2	0.11825	0.13909	0.39128	0.967152	18	7	0.11825
AML_TFRC-E66	4	0.95722	0.95676	0.999136	63	0	0.27509	0.028328	0.081214	0.586544	9	2	0.27509
AML_TFRC-E21	7	0.98254	0.98221	0.999136	64	0	0.15951	0.13997	0.33086	0.967152	19	4	0.15951
AML_TFRC-E37	10	0.99899	0.99914	0.999136	65	0	0.77395	2.056e-08	4.995e-06	0.000325	1	8	0.77395
