id	num	neg|score	neg|p-value	neg|fdr	neg|rank	neg|goodsgrna	neg|lfc	pos|score	pos|p-value	pos|fdr	pos|rank	pos|goodsgrna	pos|lfc
AML_TFRC-E38	17	0.0023317	0.019274	0.917834	1	14	-0.61113	0.99508	0.99478	0.994783	122	0	-0.61113
AML_TFRC-E51	10	0.0057389	0.035038	0.917834	2	8	-0.6533	0.53089	0.53308	0.971302	63	0	-0.6533
AML_TFRC-E54	6	0.014417	0.061545	0.917834	3	5	-0.88493	0.89332	0.8926	0.982459	111	0	-0.88493
NonTarget_51	1	0.01801	0.018126	0.917834	4	1	-1.9207	0.98199	0.98197	0.99009	121	0	-1.9207
AML_TFRC-E47	14	0.023833	0.12668	0.917834	5	8	-0.50027	0.37891	0.3796	0.969927	46	0	-0.50027
NonTarget_8	1	0.026587	0.026602	0.917834	6	1	-1.7194	0.97341	0.97357	0.989794	120	0	-1.7194
AML_TFRC-E28	13	0.032936	0.15545	0.917834	7	6	0.11342	0.6078	0.60625	0.971302	70	0	0.11342
AML_TFRC-E12	6	0.040592	0.13625	0.917834	8	3	-0.2332	0.76339	0.76359	0.971302	95	0	-0.2332
AML_TFRC-E60	10	0.042064	0.17437	0.917834	9	4	0.32425	0.13659	0.13753	0.693228	22	0	0.32425
AML_TFRC-E15	9	0.047277	0.17976	0.917834	10	5	-0.53777	0.54237	0.54123	0.971302	65	0	-0.53777
AML_TFRC-E21	7	0.048207	0.17124	0.917834	11	3	0.23305	0.52931	0.52943	0.971302	61	0	0.23305
NonTarget_31	1	0.048885	0.049205	0.917834	12	1	-1.7986	0.95111	0.9515	0.983758	118	0	-1.7986
NonTarget_50	1	0.057461	0.057761	0.917834	13	1	-1.2501	0.94254	0.94289	0.983182	117	0	-1.2501
AML_TFRC-E32	14	0.058176	0.24369	0.917834	14	5	0.37301	0.20547	0.20647	0.809588	28	0	0.37301
AML_TFRC-E53	10	0.058438	0.22327	0.917834	15	6	-0.16614	0.43651	0.43923	0.971302	53	0	-0.16614
AML_TFRC-E19	14	0.064808	0.26316	0.917834	16	8	-0.22557	0.71874	0.7164	0.971302	86	0	-0.22557
AML_TFRC-E69	3	0.065076	0.1519	0.917834	17	3	-0.27995	0.93492	0.93449	0.983182	115	0	-0.27995
AML_TFRC-E72	11	0.065519	0.24432	0.917834	18	8	-0.60368	0.62319	0.62173	0.971302	75	0	-0.60368
AML_TFRC-E49	8	0.073026	0.23992	0.917834	19	4	0.057258	0.75301	0.75261	0.971302	93	0	0.057258
AML_TFRC-E18	30	0.074169	0.3419	0.948313	20	17	-0.043845	0.89088	0.88995	0.982459	109	0	-0.043845
NonTarget_37	1	0.078045	0.078588	0.917834	21	1	-1.4025	0.92196	0.92246	0.983182	114	0	-1.4025
NonTarget_13	1	0.081475	0.081962	0.917834	22	1	-1.2347	0.91852	0.91905	0.983182	113	0	-1.2347
AML_TFRC-E30	5	0.08703	0.23234	0.917834	23	2	0.14443	0.83722	0.83739	0.971302	105	0	0.14443
AML_TFRC-E39	6	0.092152	0.26326	0.917834	24	4	-0.26968	0.33629	0.33659	0.933272	44	0	-0.26968
NonTarget_20	1	0.093482	0.093853	0.917834	25	1	-1.1401	0.90652	0.90738	0.983182	112	0	-1.1401
NonTarget_21	1	0.1072	0.10788	0.917834	26	1	-1.0999	0.8928	0.89388	0.982459	110	0	-1.0999
AML_TFRC-E40	9	0.1152	0.34145	0.948313	27	5	-0.2154	0.97026	0.97036	0.989794	119	0	-0.2154
NonTarget_1	1	0.11578	0.11625	0.917834	28	1	-2.0254	0.88422	0.88481	0.982459	108	0	-2.0254
AML_TFRC-E37	13	0.12078	0.39094	0.948313	29	7	-0.28787	0.81748	0.81601	0.971302	100	0	-0.28787
AML_TFRC-E57	17	0.12342	0.41975	0.948313	30	8	0.03004	0.82885	0.8294	0.971302	103	0	0.03004
CARS	1	0.15695	0.15642	0.917834	31	1	-1.2572	0.84305	0.84392	0.971302	106	0	-1.2572
NonTarget_46	1	0.17238	0.17231	0.917834	32	1	-1.0722	0.82762	0.8285	0.971302	101	0	-1.0722
AML_TFRC-E16	7	0.19796	0.45583	0.978623	33	4	-0.15314	0.24081	0.23961	0.812001	36	0	-0.15314
AML_TFRC-E64	4	0.19923	0.38177	0.948313	34	3	-0.20988	0.83334	0.83391	0.971302	104	0	-0.20988
AML_TFRC-E27	4	0.21289	0.40032	0.948313	35	3	-0.36999	0.87666	0.87716	0.982459	107	0	-0.36999
NonTarget_48	1	0.21355	0.21306	0.917834	36	1	-0.82577	0.78645	0.78833	0.971302	98	0	-0.82577
NonTarget_38	1	0.22041	0.22007	0.917834	37	1	-1.223	0.77959	0.78154	0.971302	97	0	-1.223
AML_TFRC-E46	9	0.22044	0.51581	0.978623	38	2	0.16905	0.067362	0.067536	0.633796	13	1	0.16905
AML_TFRC-E68	7	0.22143	0.4925	0.978623	39	4	-0.036953	0.23128	0.22966	0.809588	34	0	-0.036953
AML_TFRC-E20	10	0.22265	0.53025	0.978623	40	4	0.12114	0.042064	0.044283	0.633796	7	1	0.12114
AML_TFRC-E45	13	0.22817	0.56567	0.978623	41	6	0.041465	0.11593	0.1162	0.693228	16	1	0.041465
NonTarget_4	1	0.23585	0.23564	0.917834	42	1	-0.64751	0.76415	0.76572	0.971302	96	0	-0.64751
NonTarget_58	1	0.24614	0.24605	0.917834	43	1	-0.54305	0.75386	0.7555	0.971302	94	0	-0.54305
NonTarget_25	1	0.25643	0.25651	0.917834	44	1	-0.40538	0.74357	0.74523	0.971302	90	0	-0.40538
NonTarget_26	1	0.25815	0.25843	0.917834	45	1	-0.50401	0.74185	0.74352	0.971302	89	0	-0.50401
AML_TFRC-E61	13	0.26256	0.6137	0.978623	46	7	-0.011963	0.74707	0.74506	0.971302	91	0	-0.011963
NonTarget_34	1	0.26844	0.26921	0.917834	47	1	-0.68529	0.73156	0.73286	0.971302	88	0	-0.68529
NonTarget_11	1	0.27015	0.27084	0.917834	48	1	-0.58468	0.72985	0.73131	0.971302	87	0	-0.58468
NonTarget_10	1	0.28559	0.28583	0.942473	49	1	-0.53983	0.71441	0.71553	0.971302	85	0	-0.53983
AML_TFRC-E43	8	0.30501	0.60152	0.978623	50	4	0.17813	0.42951	0.42986	0.971302	51	0	0.17813
NonTarget_56	1	0.30961	0.30981	0.948313	51	1	-0.3394	0.69039	0.69161	0.971302	84	0	-0.3394
AML_TFRC-E42	10	0.31323	0.64047	0.978623	52	3	0.49632	0.63226	0.63413	0.971302	76	0	0.49632
AML_TFRC-E33	6	0.3168	0.58534	0.978623	53	4	-0.26448	0.25167	0.25129	0.828571	37	0	-0.26448
AML_TFRC-E13	8	0.31761	0.61625	0.978623	54	4	0.1085	0.64338	0.64501	0.971302	79	0	0.1085
HARS	1	0.3199	0.3202	0.948313	55	1	-0.83107	0.6801	0.68176	0.971302	83	0	-0.83107
AML_TFRC-E10	8	0.32895	0.62875	0.978623	56	3	0.26635	0.47017	0.4711	0.971302	55	0	0.26635
NonTarget_43	1	0.33705	0.33744	0.948313	57	1	-0.58427	0.66295	0.66541	0.971302	81	0	-0.58427
AML_TFRC-E41	11	0.3514	0.6879	0.978623	58	5	0.22301	0.63844	0.63751	0.971302	78	0	0.22301
AML_TFRC-E65	14	0.3544	0.71847	0.978623	59	7	0.026723	0.54051	0.53903	0.971302	64	0	0.026723
AML_TFRC-E66	4	0.36224	0.56674	0.978623	60	2	0.4932	0.28819	0.2859	0.89436	39	0	0.4932
NonTarget_39	1	0.36449	0.36464	0.948313	61	1	-0.21222	0.63551	0.63801	0.971302	77	0	-0.21222
AML_TFRC-E56	7	0.36555	0.64227	0.978623	62	3	0.21288	0.005988	0.0076526	0.629415	1	1	0.21288
AML_TFRC-E48	15	0.36692	0.73616	0.978623	63	5	0.31034	0.33249	0.33269	0.933272	42	0	0.31034
AML_TFRC-E67	3	0.37512	0.52967	0.978623	64	2	-0.57815	0.56275	0.5624	0.971302	66	0	-0.57815
AML_TFRC-E31	4	0.37918	0.57936	0.978623	65	2	0.0080195	0.4782	0.47509	0.971302	57	0	0.0080195
NonTarget_52	1	0.37993	0.38038	0.948313	66	1	-0.16905	0.62007	0.62181	0.971302	74	0	-0.16905
NonTarget_5	1	0.38165	0.38214	0.948313	67	1	-0.63982	0.61835	0.62015	0.971302	73	0	-0.63982
ATP5B	1	0.38336	0.38378	0.948313	68	1	-0.63747	0.61664	0.61851	0.971302	72	0	-0.63747
NonTarget_42	1	0.38851	0.38911	0.948313	69	1	-0.39069	0.61149	0.61307	0.971302	71	0	-0.39069
AML_TFRC-E70	3	0.39347	0.54759	0.978623	70	1	0.24526	0.12085	0.12119	0.693228	18	0	0.24526
NonTarget_22	1	0.39365	0.39394	0.948313	71	1	-0.18863	0.60635	0.60799	0.971302	69	0	-0.18863
NonTarget_2	1	0.40909	0.40929	0.948313	72	1	-0.066243	0.59091	0.59199	0.971302	68	0	-0.066243
SEC61A1	1	0.41424	0.41445	0.948313	73	1	-0.11338	0.58576	0.58687	0.971302	67	0	-0.11338
AML_TFRC-E11	9	0.4161	0.72002	0.978623	74	5	-0.015333	0.80013	0.79936	0.971302	99	0	-0.015333
AML_TFRC-E34	11	0.42608	0.75295	0.978623	75	6	-0.063753	0.027941	0.030955	0.629415	4	1	-0.063753
AML_TFRC-E36	7	0.42901	0.70133	0.978623	76	4	-0.017747	0.14077	0.14049	0.693228	24	0	-0.017747
AML_TFRC-E22	9	0.46518	0.76164	0.978623	77	4	0.253	0.37333	0.3719	0.969927	45	0	0.253
NonTarget_54	1	0.46913	0.46879	0.978623	78	1	-0.03162	0.53087	0.53086	0.971302	62	0	-0.03162
AML_TFRC-E71	9	0.48552	0.77874	0.978623	79	3	0.020259	0.052751	0.053618	0.633796	9	1	0.020259
NonTarget_24	1	0.48971	0.48946	0.978623	80	1	-0.25808	0.51029	0.51021	0.971302	60	0	-0.25808
NonTarget_32	1	0.49828	0.49804	0.978623	81	1	-0.23139	0.50172	0.50175	0.971302	59	0	-0.23139
AML_TFRC-E35	6	0.50997	0.73959	0.978623	82	3	0.010075	0.31405	0.31413	0.933272	40	0	0.010075
NonTarget_17	1	0.52916	0.52899	0.978623	83	0	0.057531	0.47084	0.47056	0.971302	56	0	0.057531
NonTarget_3	1	0.53259	0.53242	0.978623	84	0	0.053104	0.46741	0.46705	0.971302	54	0	0.053104
NonTarget_40	1	0.5669	0.56788	0.978623	85	0	0.16564	0.4331	0.43312	0.971302	52	0	0.16564
AML_TFRC-E59	6	0.58506	0.79413	0.978623	86	2	0.5723	0.065058	0.064071	0.633796	12	0	0.5723
NonTarget_30	1	0.60292	0.60459	0.978623	87	0	0.18646	0.39708	0.39751	0.969927	50	0	0.18646
NonTarget_44	1	0.60806	0.60979	0.978623	88	0	0.2154	0.39194	0.3924	0.969927	49	0	0.2154
NonTarget_49	1	0.61149	0.61307	0.978623	89	0	0.26518	0.38851	0.38911	0.969927	48	0	0.26518
NonTarget_47	1	0.62007	0.62181	0.978623	90	0	0.25006	0.37993	0.38038	0.969927	47	0	0.25006
NonTarget_27	1	0.66467	0.66692	0.978623	91	0	0.42527	0.33533	0.33552	0.933272	43	0	0.42527
AML_TFRC-E55	11	0.67164	0.90038	0.988973	92	5	0.10329	0.47846	0.47643	0.971302	58	0	0.10329
NonTarget_28	1	0.67496	0.67694	0.978623	93	0	0.3914	0.32504	0.32528	0.933272	41	0	0.3914
NonTarget_7	1	0.71784	0.71909	0.978623	94	0	0.50206	0.28216	0.28239	0.89436	38	0	0.50206
AML_TFRC-E17	9	0.72892	0.91143	0.988973	95	4	0.039209	0.9374	0.93782	0.983182	116	0	0.039209
AML_TFRC-E44	7	0.74734	0.89918	0.988973	96	3	0.032086	0.75275	0.75194	0.971302	92	0	0.032086
NonTarget_6	1	0.76758	0.76936	0.978623	97	0	0.51729	0.23242	0.23226	0.809588	35	0	0.51729
NonTarget_29	1	0.7693	0.77108	0.978623	98	0	0.71724	0.2307	0.23059	0.809588	33	0	0.71724
NonTarget_35	1	0.77101	0.77277	0.978623	99	0	0.67848	0.22899	0.22891	0.809588	32	0	0.67848
NonTarget_19	1	0.77616	0.77806	0.978623	100	0	0.629	0.22384	0.22328	0.809588	31	0	0.629
NonTarget_12	1	0.78302	0.78503	0.978623	101	0	0.66724	0.21698	0.21653	0.809588	30	0	0.66724
NonTarget_55	1	0.78988	0.79172	0.978623	102	0	0.55125	0.21012	0.20971	0.809588	29	0	0.55125
AML_TFRC-E29	6	0.79565	0.89994	0.988973	103	2	0.4951	0.14025	0.13903	0.693228	23	0	0.4951
AML_TFRC-E23	4	0.82046	0.86217	0.988973	104	1	0.3675	0.65903	0.65862	0.971302	80	0	0.3675
NonTarget_53	1	0.82762	0.8285	0.988973	105	0	0.81731	0.17238	0.17231	0.808512	26	0	0.81731
NonTarget_45	1	0.85849	0.85954	0.988973	106	0	1.0015	0.14151	0.14205	0.693228	25	0	1.0015
NonTarget_9	1	0.8705	0.87133	0.988973	107	0	0.67057	0.1295	0.13014	0.693228	21	0	0.67057
NonTarget_18	1	0.87393	0.87462	0.988973	108	0	0.89835	0.12607	0.12668	0.693228	20	0	0.89835
NonTarget_36	1	0.87564	0.87635	0.988973	109	0	1.0757	0.12436	0.12507	0.693228	19	0	1.0757
SEC61G	1	0.8825	0.8833	0.988973	110	0	0.96164	0.1175	0.11806	0.693228	17	0	0.96164
NonTarget_14	1	0.88765	0.88874	0.988973	111	0	1.1391	0.11235	0.11291	0.693228	15	0	1.1391
AML_TFRC-E14	7	0.89619	0.95518	0.988973	112	2	0.26375	0.67049	0.66959	0.971302	82	0	0.26375
AML_TFRC-E62	3	0.92256	0.92192	0.988973	113	0	0.57768	0.092208	0.091647	0.693228	14	0	0.57768
AML_TFRC-E50	6	0.93726	0.96014	0.988973	114	1	0.219	0.82863	0.82796	0.971302	102	0	0.219
MRPL39	1	0.93739	0.93776	0.988973	115	0	1.6898	0.062607	0.062973	0.633796	11	0	1.6898
NonTarget_16	1	0.94082	0.94116	0.988973	116	0	1.1713	0.059177	0.059568	0.633796	10	0	1.1713
NonTarget_33	1	0.94768	0.94792	0.988973	117	0	1.706	0.052316	0.05248	0.633796	8	0	1.706
AML_TFRC-E52	9	0.96957	0.98897	0.988973	118	2	0.63811	0.19011	0.1898	0.809588	27	0	0.63811
NonTarget_41	1	0.96998	0.97044	0.988973	119	0	1.7419	0.030017	0.030236	0.629415	6	0	1.7419
NonTarget_15	1	0.9717	0.97206	0.988973	120	0	1.6874	0.028302	0.028429	0.629415	5	0	1.6874
NonTarget_57	1	0.98027	0.98012	0.988973	121	0	2.2549	0.019726	0.020023	0.629415	3	0	2.2549
NonTarget_23	1	0.98199	0.98197	0.988973	122	0	1.9477	0.01801	0.018126	0.629415	2	0	1.9477
