sgrna	Gene	control_count	treatment_count	control_mean	treat_mean	LFC	control_var	adj_var	score	p.low	p.high	p.twosided	FDR	high_in_treatment
sgRNA_205	AML_TFRC-E35	11613	29442	11613	29442	1.3421	1.5894e+08	1.7582e+06	13.446	1	1.6253e-41	3.2506e-41	1.8691e-38	True
sgRNA_226	AML_TFRC-E37	11450	28792	11450	28792	1.3303	1.5037e+08	1.7205e+06	13.221	1	3.3087e-40	6.6175e-40	1.9025e-37	True
sgRNA_167	AML_TFRC-E31	7815.7	17988	7815.7	17988	1.2024	5.1734e+07	9.5882e+05	10.388	1	1.4055e-25	2.8109e-25	5.3876e-23	True
sgRNA_218	AML_TFRC-E37	9640.3	20760	9640.3	20760	1.1066	6.1829e+07	1.322e+06	9.6714	1	1.994e-22	3.9879e-22	5.7326e-20	True
sgRNA_436	AML_TFRC-E59	9074.1	19256	9074.1	19256	1.0854	5.1832e+07	1.205e+06	9.2751	1	8.8739e-21	1.7748e-20	2.041e-18	True
sgRNA_215	AML_TFRC-E37	6573.3	14228	6573.3	14228	1.114	2.9301e+07	7.3563e+05	8.9253	1	2.2224e-19	4.4448e-19	4.2596e-17	True
sgRNA_225	AML_TFRC-E37	14398	27607	14398	27607	0.93913	8.724e+07	2.4438e+06	8.4497	1	1.4597e-17	2.9193e-17	2.398e-15	True
sgRNA_170	AML_TFRC-E31	9021.7	17762	9021.7	17762	0.97725	3.8197e+07	1.1944e+06	7.9976	1	6.344e-16	1.2688e-15	9.1196e-14	True
sgRNA_274	AML_TFRC-E42	8201.7	15458	8201.7	15458	0.91429	2.6328e+07	1.0323e+06	7.1422	1	4.5936e-13	9.1872e-13	5.8696e-11	True
sgRNA_200	AML_TFRC-E34	11815	21360	11815	21360	0.8543	4.5559e+07	1.8051e+06	7.1048	1	6.0261e-13	1.2052e-12	6.93e-11	True
sgRNA_310	AML_TFRC-E46	6649.6	12602	6649.6	12602	0.9222	1.7715e+07	7.4874e+05	6.8789	1	3.0161e-12	6.0322e-12	3.1532e-10	True
sgRNA_227	AML_TFRC-E37	15829	26891	15829	26891	0.7645	6.1183e+07	2.8257e+06	6.5806	1	2.3422e-11	4.6845e-11	2.2447e-09	True
sgRNA_216	AML_TFRC-E37	13671	23531	13671	23531	0.7834	4.861e+07	2.2573e+06	6.5627	1	2.6429e-11	5.2858e-11	2.338e-09	True
sgRNA_199	AML_TFRC-E34	2743.1	5520.9	2743.1	5520.9	1.0089	3.8582e+06	1.9334e+05	6.3175	1	1.329e-10	2.6579e-10	1.0917e-08	True
sgRNA_70	AML_TFRC-E18	11324	19203	11324	19203	0.7619	3.1039e+07	1.6916e+06	6.0579	1	6.8945e-10	1.3789e-09	5.2858e-08	True
sgRNA_279	AML_TFRC-E42	6846.6	12151	6846.6	12151	0.82752	1.4068e+07	7.8296e+05	5.9947	1	1.0193e-09	2.0385e-09	7.3259e-08	True
sgRNA_150	AML_TFRC-E28	15443	25091	15443	25091	0.70016	4.654e+07	2.7208e+06	5.849	1	2.4727e-09	4.9454e-09	1.6727e-07	True
sgRNA_102	AML_TFRC-E19	12569	20776	12569	20776	0.72504	3.3681e+07	1.9846e+06	5.826	1	2.8394e-09	5.6788e-09	1.814e-07	True
NonTarget_42	NonTarget	8318.9	14068	8318.9	14068	0.75792	1.6528e+07	1.0549e+06	5.5978	1	1.0852e-08	2.1704e-08	6.5682e-07	True
sgRNA_231	AML_TFRC-E38	8957	14941	8957	14941	0.73811	1.7903e+07	1.1813e+06	5.5056	1	1.8396e-08	3.6793e-08	1.0578e-06	True
sgRNA_357	AML_TFRC-E50	28794	14376	28794	14376	-1.002	1.0394e+08	7.0687e+06	5.4229	2.932e-08	1	5.864e-08	1.6056e-06	False
sgRNA_148	AML_TFRC-E28	32791	16929	32791	16929	-0.95375	1.258e+08	8.6275e+06	5.4002	3.3277e-08	1	6.6555e-08	1.7395e-06	False
sgRNA_359	AML_TFRC-E50	11336	18347	11336	18347	0.69457	2.4577e+07	1.6944e+06	5.386	1	3.6012e-08	7.2024e-08	1.8006e-06	True
sgRNA_202	AML_TFRC-E35	19692	9180.9	19692	9180.9	-1.1008	5.5245e+07	3.9486e+06	5.2898	6.1209e-08	1	1.2242e-07	2.9329e-06	False
sgRNA_396	AML_TFRC-E55	11987	19143	11987	19143	0.67534	2.5606e+07	1.8456e+06	5.2677	1	6.9068e-08	1.3814e-07	3.1771e-06	True
sgRNA_137	AML_TFRC-E23	10956	17485	10956	17485	0.67429	2.1311e+07	1.6082e+06	5.148	1	1.3164e-07	2.6327e-07	5.8223e-06	True
NonTarget_36	NonTarget	19858	29973	19858	29973	0.59389	5.1153e+07	3.9997e+06	5.0575	1	2.1237e-07	4.2474e-07	9.0453e-06	True
sgRNA_11	AML_TFRC-E11	28475	15191	28475	15191	-0.90645	8.8237e+07	6.9492e+06	5.0393	2.3357e-07	1	4.6714e-07	9.5931e-06	False
sgRNA_230	AML_TFRC-E38	7204.3	11813	7204.3	11813	0.71336	1.062e+07	8.4641e+05	5.0093	1	2.731e-07	5.4621e-07	1.083e-05	True
sgRNA_406	AML_TFRC-E55	12629	19675	12629	19675	0.63956	2.4822e+07	1.9992e+06	4.9831	1	3.1289e-07	6.2579e-07	1.1994e-05	True
sgRNA_376	AML_TFRC-E52	13392	6044	13392	6044	-1.1477	2.7e+07	2.1872e+06	4.9687	3.3693e-07	1	6.7386e-07	1.2499e-05	False
sgRNA_481	AML_TFRC-E66	7633.8	12390	7633.8	12390	0.69863	1.1311e+07	9.2487e+05	4.9456	1	3.7948e-07	7.5896e-07	1.3638e-05	True
sgRNA_108	AML_TFRC-E19	22261	33010	22261	33010	0.56837	5.777e+07	4.7646e+06	4.9244	1	4.2315e-07	8.463e-07	1.4746e-05	True
sgRNA_20	AML_TFRC-E12	14133	21707	14133	21707	0.61913	2.8689e+07	2.3751e+06	4.915	1	4.438e-07	8.8761e-07	1.4901e-05	True
sgRNA_238	AML_TFRC-E38	11503	17967	11503	17967	0.64331	2.0893e+07	1.7327e+06	4.9108	1	4.5352e-07	9.0704e-07	1.4901e-05	True
sgRNA_180	AML_TFRC-E32	13866	21299	13866	21299	0.61918	2.7624e+07	2.3069e+06	4.8938	1	4.9453e-07	9.8905e-07	1.5797e-05	True
sgRNA_84	AML_TFRC-E18	21167	10904	21167	10904	-0.95687	5.2664e+07	4.4107e+06	4.8867	5.1269e-07	1	1.0254e-06	1.5935e-05	False
sgRNA_3	AML_TFRC-E10	16738	25170	16738	25170	0.58854	3.5549e+07	3.078e+06	4.8061	1	7.6947e-07	1.5389e-06	2.3287e-05	True
sgRNA_14	AML_TFRC-E11	10728	16609	10728	16609	0.6305	1.7292e+07	1.5572e+06	4.7125	1	1.2233e-06	2.4466e-06	3.6072e-05	True
sgRNA_478	AML_TFRC-E65	7179.4	11489	7179.4	11489	0.67829	9.2879e+06	8.4195e+05	4.6971	1	1.3193e-06	2.6387e-06	3.7931e-05	True
NonTarget_22	NonTarget	25052	13855	25052	13855	-0.85442	6.2678e+07	5.7102e+06	4.6854	1.3971e-06	1	2.7941e-06	3.9186e-05	False
sgRNA_496	AML_TFRC-E69	20096	10680	20096	10680	-0.91194	4.4331e+07	4.0733e+06	4.6655	1.5395e-06	1	3.0789e-06	4.2152e-05	False
sgRNA_433	AML_TFRC-E59	22845	12619	22845	12619	-0.85622	5.2283e+07	4.9575e+06	4.5926	2.1884e-06	1	4.3768e-06	5.8527e-05	False
sgRNA_110	AML_TFRC-E20	13356	20088	13356	20088	0.58877	2.2657e+07	2.1781e+06	4.5611	1	2.5443e-06	5.0886e-06	6.6498e-05	True
sgRNA_375	AML_TFRC-E52	10379	15905	10379	15905	0.61577	1.5268e+07	1.4802e+06	4.542	1	2.7866e-06	5.5732e-06	7.1214e-05	True
sgRNA_423	AML_TFRC-E57	19383	10515	19383	10515	-0.88219	3.9313e+07	3.8538e+06	4.5169	3.1377e-06	1	6.2754e-06	7.8442e-05	False
sgRNA_447	AML_TFRC-E61	22759	12790	22759	12790	-0.83138	4.9693e+07	4.9292e+06	4.4903	3.5568e-06	1	7.1135e-06	8.7027e-05	False
sgRNA_75	AML_TFRC-E18	9679.3	14803	9679.3	14803	0.61289	1.3127e+07	1.3302e+06	4.4426	1	4.4432e-06	8.8864e-06	0.00010645	True
sgRNA_511	AML_TFRC-E72	21238	12057	21238	12057	-0.81669	4.2144e+07	4.4334e+06	4.3603	6.4956e-06	0.99999	1.2991e-05	0.00015245	False
NonTarget_46	NonTarget	15459	8384	15459	8384	-0.88268	2.503e+07	2.7251e+06	4.286	9.0964e-06	0.99999	1.8193e-05	0.00020922	False
sgRNA_13	AML_TFRC-E11	13405	19729	13405	19729	0.55754	1.9998e+07	2.1903e+06	4.2732	0.99999	9.6342e-06	1.9268e-05	0.00021724	True
sgRNA_191	AML_TFRC-E34	8547.9	12991	8547.9	12991	0.6038	9.8699e+06	1.0997e+06	4.2368	0.99999	1.1337e-05	2.2675e-05	0.00025073	True
sgRNA_40	AML_TFRC-E15	17188	9736.6	17188	9736.6	-0.81985	2.7762e+07	3.2057e+06	4.1618	1.579e-05	0.99998	3.158e-05	0.00034261	False
sgRNA_382	AML_TFRC-E53	9376.7	14044	9376.7	14044	0.5827	1.089e+07	1.2671e+06	4.1459	0.99998	1.6923e-05	3.3846e-05	0.0003604	True
NonTarget_34	NonTarget	17533	10088	17533	10088	-0.79735	2.7713e+07	3.3049e+06	4.0953	2.1083e-05	0.99998	4.2165e-05	0.00044082	False
sgRNA_443	AML_TFRC-E60	7387.1	11218	7387.1	11218	0.60264	7.337e+06	8.7951e+05	4.0846	0.99998	2.2074e-05	4.4147e-05	0.0004533	True
sgRNA_33	AML_TFRC-E14	25568	15677	25568	15677	-0.70567	4.8918e+07	5.8917e+06	4.075	2.3004e-05	0.99998	4.6007e-05	0.00046411	False
sgRNA_483	AML_TFRC-E66	16862	23958	16862	23958	0.5067	2.5176e+07	3.1131e+06	4.0218	0.99997	2.888e-05	5.7761e-05	0.00057263	True
sgRNA_247	AML_TFRC-E39	16868	9817.8	16868	9817.8	-0.78073	2.485e+07	3.1146e+06	3.9947	3.2392e-05	0.99997	6.4784e-05	0.00063137	False
sgRNA_446	AML_TFRC-E60	12457	18016	12457	18016	0.53226	1.545e+07	1.9576e+06	3.9729	0.99996	3.5498e-05	7.0996e-05	0.00068038	True
NonTarget_28	NonTarget	20268	12213	20268	12213	-0.73076	3.2444e+07	4.1269e+06	3.9652	3.6663e-05	0.99996	7.3326e-05	0.00069119	False
sgRNA_403	AML_TFRC-E55	7692.4	11510	7692.4	11510	0.58129	7.2859e+06	9.3575e+05	3.9462	0.99996	3.9702e-05	7.9405e-05	0.00073642	True
sgRNA_361	AML_TFRC-E51	16880	9927.1	16880	9927.1	-0.76581	2.4172e+07	3.1181e+06	3.9375	4.1161e-05	0.99996	8.2323e-05	0.00074801	False
sgRNA_374	AML_TFRC-E52	17033	10036	17033	10036	-0.763	2.4474e+07	3.1614e+06	3.9348	4.1628e-05	0.99996	8.3256e-05	0.00074801	False
NonTarget_23	NonTarget	18076	10782	18076	10782	-0.74549	2.6607e+07	3.463e+06	3.92	4.4272e-05	0.99996	8.8543e-05	0.0007751	False
sgRNA_31	AML_TFRC-E13	21308	29581	21308	29581	0.47321	3.4215e+07	4.4559e+06	3.9189	0.99996	4.4484e-05	8.8969e-05	0.0007751	True
sgRNA_301	AML_TFRC-E45	9131.8	13441	9131.8	13441	0.55757	9.2827e+06	1.2168e+06	3.9061	0.99995	4.6892e-05	9.3784e-05	0.00080486	True
sgRNA_121	AML_TFRC-E21	16924	23798	16924	23798	0.4918	2.3631e+07	3.1304e+06	3.8856	0.99995	5.1049e-05	0.0001021	0.00086223	True
sgRNA_518	AML_TFRC-E72	11250	16274	11250	16274	0.53261	1.2621e+07	1.6747e+06	3.8823	0.99995	5.1734e-05	0.00010347	0.00086223	True
sgRNA_393	AML_TFRC-E54	10609	15307	10609	15307	0.52882	1.1035e+07	1.5309e+06	3.7968	0.99993	7.3283e-05	0.00014657	0.0012039	True
sgRNA_317	AML_TFRC-E46	21604	13522	21604	13522	-0.67598	3.2661e+07	4.5509e+06	3.7886	7.5743e-05	0.99992	0.00015149	0.0012268	False
sgRNA_370	AML_TFRC-E51	27009	17429	27009	17429	-0.63198	4.5896e+07	6.4083e+06	3.7847	7.6949e-05	0.99992	0.0001539	0.0012291	False
NonTarget_57	NonTarget	18848	26071	18848	26071	0.46796	2.608e+07	3.6922e+06	3.7586	0.99991	8.5429e-05	0.00017086	0.0013458	True
sgRNA_198	AML_TFRC-E34	12776	18121	12776	18121	0.5042	1.4284e+07	2.0348e+06	3.747	0.99991	8.9493e-05	0.00017899	0.0013908	True
sgRNA_452	AML_TFRC-E61	17842	10948	17842	10948	-0.70452	2.3762e+07	3.3945e+06	3.7417	9.1396e-05	0.99991	0.00018279	0.0014014	False
sgRNA_80	AML_TFRC-E18	26598	17279	26598	17279	-0.62228	4.3421e+07	6.2592e+06	3.7249	9.7715e-05	0.9999	0.00019543	0.0014639	False
sgRNA_320	AML_TFRC-E47	14749	8819.1	14749	8819.1	-0.74188	1.7584e+07	2.5357e+06	3.7241	9.8015e-05	0.9999	0.00019603	0.0014639	False
sgRNA_43	AML_TFRC-E15	10146	14552	10146	14552	0.52024	9.7056e+06	1.4297e+06	3.6847	0.99989	0.0001145	0.000229	0.0016881	True
sgRNA_207	AML_TFRC-E35	18762	11759	18762	11759	-0.67405	2.4525e+07	3.6664e+06	3.6576	0.00012729	0.99987	0.00025458	0.001853	False
sgRNA_92	AML_TFRC-E18	17631	10960	17631	10960	-0.68585	2.2253e+07	3.3331e+06	3.6541	0.00012904	0.99987	0.00025807	0.0018549	False
sgRNA_2	AML_TFRC-E10	15964	9827.9	15964	9827.9	-0.69983	1.8827e+07	2.8627e+06	3.6268	0.00014349	0.99986	0.00028698	0.0020372	False
sgRNA_405	AML_TFRC-E55	13655	19082	13655	19082	0.48275	1.4726e+07	2.2533e+06	3.6154	0.99985	0.00014997	0.00029994	0.0021032	True
sgRNA_429	AML_TFRC-E57	24064	15710	24064	15710	-0.6152	3.4898e+07	5.3688e+06	3.6056	0.00015574	0.99984	0.00031147	0.0021578	False
sgRNA_336	AML_TFRC-E48	11524	16262	11524	16262	0.49677	1.1222e+07	1.7377e+06	3.5939	0.99984	0.00016286	0.00032571	0.0022111	True
sgRNA_77	AML_TFRC-E18	23720	15486	23720	15486	-0.6151	3.39e+07	5.2518e+06	3.593	0.00016343	0.99984	0.00032685	0.0022111	False
sgRNA_284	AML_TFRC-E43	19178	26144	19178	26144	0.44703	2.4264e+07	3.7915e+06	3.5776	0.99983	0.00017337	0.00034675	0.0023184	True
sgRNA_480	AML_TFRC-E65	13147	7943.3	13147	7943.3	-0.72691	1.3542e+07	2.1263e+06	3.569	0.00017918	0.99982	0.00035835	0.0023684	False
sgRNA_134	AML_TFRC-E22	16876	23167	16876	23167	0.45711	1.9791e+07	3.1168e+06	3.5636	0.99982	0.0001829	0.0003658	0.0023902	True
sgRNA_44	AML_TFRC-E15	14844	20527	14844	20527	0.4676	1.6148e+07	2.5608e+06	3.5513	0.99981	0.0001917	0.0003834	0.002477	True
sgRNA_69	AML_TFRC-E18	16564	10525	16564	10525	-0.65426	1.8238e+07	3.0291e+06	3.4702	0.00026007	0.99974	0.00052013	0.0033231	False
sgRNA_195	AML_TFRC-E34	6725	9741.1	6725	9741.1	0.53448	4.5484e+06	7.6178e+05	3.4556	0.99973	0.0002745	0.00054901	0.003469	True
sgRNA_391	AML_TFRC-E54	11515	6996.4	11515	6996.4	-0.7188	1.0211e+07	1.7356e+06	3.4302	0.00030157	0.9997	0.00060314	0.0037696	False
NonTarget_48	NonTarget	14753	9294.8	14753	9294.8	-0.66645	1.4895e+07	2.5367e+06	3.427	0.00030519	0.99969	0.00061037	0.0037738	False
sgRNA_159	AML_TFRC-E29	13658	18789	13658	18789	0.46014	1.3165e+07	2.254e+06	3.4178	0.99968	0.00031561	0.00063122	0.0038548	True
sgRNA_384	AML_TFRC-E53	27564	18782	27564	18782	-0.55339	3.8559e+07	6.6111e+06	3.4154	0.00031844	0.99968	0.00063688	0.0038548	False
sgRNA_169	AML_TFRC-E31	14745	20157	14745	20157	0.45107	1.4648e+07	2.5346e+06	3.3998	0.99966	0.0003372	0.0006744	0.0040394	True
sgRNA_454	AML_TFRC-E61	28447	19509	28447	19509	-0.54409	3.9941e+07	6.9385e+06	3.3931	0.00034558	0.99965	0.00069117	0.0040971	False
sgRNA_90	AML_TFRC-E18	11168	6811.6	11168	6811.6	-0.71318	9.4874e+06	1.656e+06	3.385	0.00035583	0.99964	0.00071166	0.0041755	False
sgRNA_400	AML_TFRC-E55	16827	10892	16827	10892	-0.62745	1.7611e+07	3.103e+06	3.3691	0.00037706	0.99962	0.00075411	0.00438	False
sgRNA_321	AML_TFRC-E47	13349	8437	13349	8437	-0.66186	1.2064e+07	2.1764e+06	3.3296	0.00043491	0.99957	0.00086982	0.0050015	False
sgRNA_37	AML_TFRC-E14	19160	12718	19160	12718	-0.59118	2.0749e+07	3.7861e+06	3.3107	0.00046538	0.99953	0.00093075	0.0052563	False
sgRNA_325	AML_TFRC-E47	9671.4	13487	9671.4	13487	0.47971	7.2786e+06	1.3286e+06	3.3102	0.99953	0.00046621	0.00093242	0.0052563	True
sgRNA_55	AML_TFRC-E16	18943	25322	18943	25322	0.41869	2.0345e+07	3.7208e+06	3.3069	0.99953	0.00047163	0.00094326	0.0052657	True
sgRNA_444	AML_TFRC-E60	17915	11814	17915	11814	-0.60061	1.861e+07	3.4157e+06	3.301	0.00048169	0.99952	0.00096338	0.0053264	False
sgRNA_319	AML_TFRC-E47	23810	16275	23810	16275	-0.54885	2.8386e+07	5.2823e+06	3.2784	0.00052208	0.99948	0.0010442	0.005718	False
sgRNA_295	AML_TFRC-E44	10672	6605.3	10672	6605.3	-0.69198	8.267e+06	1.5446e+06	3.2717	0.00053448	0.99947	0.001069	0.0057986	False
sgRNA_18	AML_TFRC-E11	8308.2	11662	8308.2	11662	0.48913	5.6233e+06	1.0528e+06	3.2684	0.99946	0.00054088	0.0010818	0.0058132	True
sgRNA_265	AML_TFRC-E41	17507	11616	17507	11616	-0.59186	1.7357e+07	3.2974e+06	3.2446	0.00058803	0.99941	0.0011761	0.0062319	False
sgRNA_98	AML_TFRC-E19	11330	15548	11330	15548	0.45658	8.8974e+06	1.693e+06	3.2421	0.99941	0.00059335	0.0011867	0.0062319	True
sgRNA_197	AML_TFRC-E34	15103	9848.2	15103	9848.2	-0.61689	1.3809e+07	2.6296e+06	3.2407	0.0005961	0.9994	0.0011922	0.0062319	False
sgRNA_504	AML_TFRC-E71	7880.5	11055	7880.5	11055	0.48834	5.0401e+06	9.7101e+05	3.222	0.99936	0.00063657	0.0012731	0.0065951	True
sgRNA_179	AML_TFRC-E32	16822	11160	16822	11160	-0.59197	1.603e+07	3.1018e+06	3.2149	0.00065234	0.99935	0.0013047	0.0066982	False
sgRNA_9	AML_TFRC-E10	13982	9088.5	13982	9088.5	-0.62137	1.1972e+07	2.3364e+06	3.2013	0.00068416	0.99932	0.0013683	0.0069627	False
sgRNA_492	AML_TFRC-E68	15808	10490	15808	10490	-0.59166	1.4143e+07	2.8199e+06	3.1672	0.00076965	0.99923	0.0015393	0.0077641	False
NonTarget_16	NonTarget	11436	7303	11436	7303	-0.64689	8.5391e+06	1.7172e+06	3.1536	0.00080631	0.99919	0.0016126	0.0080631	False
sgRNA_155	AML_TFRC-E28	15949	10683	15949	10683	-0.57806	1.3864e+07	2.8585e+06	3.1145	0.00092138	0.99908	0.0018428	0.0091344	False
sgRNA_318	AML_TFRC-E47	17538	11887	17538	11887	-0.561	1.5963e+07	3.3061e+06	3.1075	0.00094326	0.99906	0.0018865	0.0092713	False
sgRNA_183	AML_TFRC-E32	21156	14639	21156	14639	-0.53123	2.1236e+07	4.407e+06	3.1044	0.00095337	0.99905	0.0019067	0.0092913	False
sgRNA_144	AML_TFRC-E28	13599	18219	13599	18219	0.42187	1.067e+07	2.2392e+06	3.0871	0.99899	0.0010106	0.0020213	0.0097666	True
sgRNA_220	AML_TFRC-E37	11701	15811	11701	15811	0.43427	8.4463e+06	1.7786e+06	3.0818	0.99897	0.0010287	0.0020573	0.0098579	True
sgRNA_168	AML_TFRC-E31	19596	13646	19596	13646	-0.52206	1.7701e+07	3.9189e+06	3.0056	0.0013253	0.99867	0.0026505	0.012595	False
sgRNA_363	AML_TFRC-E51	11994	7918.5	11994	7918.5	-0.59893	8.3041e+06	1.8472e+06	2.9985	0.0013567	0.99864	0.0027133	0.012788	False
sgRNA_471	AML_TFRC-E65	9752.1	13216	9752.1	13216	0.43849	6e+06	1.3456e+06	2.9863	0.99859	0.0014118	0.0028235	0.013199	True
sgRNA_254	AML_TFRC-E40	29184	21172	29184	21172	-0.46299	3.2093e+07	7.2158e+06	2.9825	0.0014295	0.99857	0.0028591	0.013239	False
sgRNA_369	AML_TFRC-E51	5483.5	7708.8	5483.5	7708.8	0.49133	2.476e+06	5.5745e+05	2.9805	0.99856	0.001439	0.002878	0.013239	True
sgRNA_209	AML_TFRC-E36	12428	8273.5	12428	8273.5	-0.58693	8.6288e+06	1.9506e+06	2.9745	0.0014676	0.99853	0.0029351	0.013394	False
sgRNA_465	AML_TFRC-E64	11506	15413	11506	15413	0.42178	7.6339e+06	1.7334e+06	2.9679	0.9985	0.0014993	0.0029987	0.013577	True
sgRNA_293	AML_TFRC-E44	9018.2	5784.7	9018.2	5784.7	-0.64051	5.2277e+06	1.1937e+06	2.9596	0.0015403	0.99846	0.0030806	0.013839	False
sgRNA_19	AML_TFRC-E12	12596	16759	12596	16759	0.4119	8.6636e+06	1.9913e+06	2.9498	0.99841	0.0015897	0.0031793	0.014171	True
sgRNA_118	AML_TFRC-E20	5981.4	3631.8	5981.4	3631.8	-0.71964	2.7603e+06	6.3672e+05	2.9445	0.0016172	0.99838	0.0032345	0.014306	False
sgRNA_113	AML_TFRC-E20	34862	25810	34862	25810	-0.43371	4.097e+07	9.4769e+06	2.9405	0.0016386	0.99836	0.0032773	0.014385	False
sgRNA_502	AML_TFRC-E71	18327	12837	18327	12837	-0.51361	1.507e+07	3.537e+06	2.9191	0.0017551	0.99824	0.0035101	0.01529	False
sgRNA_42	AML_TFRC-E15	8315.3	5333.8	8315.3	5333.8	-0.64051	4.4447e+06	1.0542e+06	2.9038	0.0018432	0.99816	0.0036864	0.015938	False
sgRNA_438	AML_TFRC-E60	12491	8450.5	12491	8450.5	-0.5637	8.1619e+06	1.9658e+06	2.8817	0.0019778	0.99802	0.0039557	0.016974	False
sgRNA_50	AML_TFRC-E16	14191	9741.1	14191	9741.1	-0.54278	9.9012e+06	2.3902e+06	2.8783	0.0019989	0.998	0.0039979	0.017028	False
sgRNA_516	AML_TFRC-E72	12454	8448.2	12454	8448.2	-0.55987	8.0246e+06	1.957e+06	2.8637	0.0020935	0.99791	0.004187	0.017702	False
sgRNA_46	AML_TFRC-E15	14147	18543	14147	18543	0.39041	9.6649e+06	2.3788e+06	2.8506	0.99782	0.0021818	0.0043635	0.018314	True
sgRNA_291	AML_TFRC-E44	20684	14829	20684	14829	-0.48002	1.7137e+07	4.2572e+06	2.8374	0.0022741	0.99773	0.0045483	0.018951	False
sgRNA_129	AML_TFRC-E22	22336	16156	22336	16156	-0.46729	1.9097e+07	4.7894e+06	2.8239	0.0023718	0.99763	0.0047436	0.019623	False
sgRNA_458	AML_TFRC-E61	13639	17870	13639	17870	0.38979	8.9518e+06	2.2493e+06	2.8213	0.99761	0.0023915	0.004783	0.019644	True
sgRNA_260	AML_TFRC-E41	19572	14038	19572	14038	-0.47941	1.5311e+07	3.9115e+06	2.798	0.0025712	0.99743	0.0051424	0.020971	False
sgRNA_107	AML_TFRC-E19	8877.1	11875	8877.1	11875	0.41971	4.4934e+06	1.1652e+06	2.7772	0.99726	0.0027418	0.0054835	0.022204	True
sgRNA_229	AML_TFRC-E38	10892	14390	10892	14390	0.40166	6.115e+06	1.5939e+06	2.77	0.9972	0.0028025	0.0056051	0.022538	True
sgRNA_236	AML_TFRC-E38	13733	9603.6	13733	9603.6	-0.51597	8.5267e+06	2.2731e+06	2.739	0.0030809	0.99692	0.0061618	0.024604	False
sgRNA_258	AML_TFRC-E40	19361	24719	19361	24719	0.35243	1.4353e+07	3.8473e+06	2.7315	0.99685	0.003152	0.0063039	0.024998	True
sgRNA_358	AML_TFRC-E50	21755	15934	21755	15934	-0.44921	1.6941e+07	4.5997e+06	2.7141	0.0033228	0.99668	0.0066456	0.026173	False
sgRNA_367	AML_TFRC-E51	7603.6	10176	7603.6	10176	0.4204	3.3091e+06	9.1928e+05	2.6832	0.99635	0.0036463	0.0072926	0.028211	True
sgRNA_277	AML_TFRC-E42	18635	23746	18635	23746	0.34964	1.3061e+07	3.6285e+06	2.6831	0.99635	0.0036469	0.0072938	0.028211	True
sgRNA_287	AML_TFRC-E43	12019	15670	12019	15670	0.38271	6.6666e+06	1.8531e+06	2.6824	0.99634	0.0036552	0.0073105	0.028211	True
NonTarget_6	NonTarget	13778	9728.7	13778	9728.7	-0.50195	8.1965e+06	2.2843e+06	2.6789	0.0036937	0.99631	0.0073873	0.028318	False
sgRNA_399	AML_TFRC-E55	13035	16907	13035	16907	0.3752	7.4957e+06	2.0984e+06	2.6729	0.99624	0.0037604	0.0075209	0.028639	True
sgRNA_172	AML_TFRC-E32	18278	13293	18278	13293	-0.45941	1.2425e+07	3.5223e+06	2.6561	0.0039527	0.99605	0.0079053	0.029905	False
sgRNA_250	AML_TFRC-E39	14508	18668	14508	18668	0.36374	8.6549e+06	2.4724e+06	2.646	0.99593	0.004073	0.008146	0.030614	True
sgRNA_283	AML_TFRC-E43	9913.6	12989	9913.6	12989	0.38972	4.7275e+06	1.3799e+06	2.6177	0.99557	0.0044266	0.0088532	0.033056	True
sgRNA_362	AML_TFRC-E51	25756	19442	25756	19442	-0.40575	1.9937e+07	5.9583e+06	2.5869	0.0048417	0.99516	0.0096834	0.035922	False
sgRNA_189	AML_TFRC-E33	15924	20269	15924	20269	0.34803	9.4384e+06	2.8517e+06	2.5728	0.99496	0.0050435	0.010087	0.037029	True
sgRNA_419	AML_TFRC-E57	20642	25936	20642	25936	0.32939	1.4016e+07	4.2441e+06	2.57	0.99492	0.0050843	0.010169	0.037029	True
sgRNA_161	AML_TFRC-E29	16673	12178	16673	12178	-0.45322	1.0103e+07	3.0598e+06	2.5698	0.0050874	0.99491	0.010175	0.037029	False
sgRNA_173	AML_TFRC-E32	18932	13992	18932	13992	-0.43621	1.2202e+07	3.7173e+06	2.5623	0.0051998	0.9948	0.0104	0.037504	False
sgRNA_151	AML_TFRC-E28	412.66	146.53	412.66	146.53	-1.4874	35412	10818	2.561	0.0052179	0.99478	0.010436	0.037504	False
sgRNA_466	AML_TFRC-E64	13290	9549.5	13290	9549.5	-0.47684	6.997e+06	2.1618e+06	2.5443	0.005475	0.99452	0.01095	0.039107	False
sgRNA_337	AML_TFRC-E48	12080	8611.7	12080	8611.7	-0.48819	6.0142e+06	1.8676e+06	2.5378	0.0055771	0.99442	0.011154	0.03959	False
NonTarget_44	NonTarget	24424	18509	24424	18509	-0.40003	1.7492e+07	5.4925e+06	2.5238	0.0058052	0.99419	0.01161	0.040957	False
sgRNA_81	AML_TFRC-E18	9442.4	12289	9442.4	12289	0.38006	4.0503e+06	1.2807e+06	2.515	0.99405	0.0059519	0.011904	0.041736	True
sgRNA_309	AML_TFRC-E46	19738	14745	19738	14745	-0.42073	1.2465e+07	3.9625e+06	2.5083	0.0060664	0.99393	0.012133	0.042281	False
sgRNA_6	AML_TFRC-E10	15120	11055	15120	11055	-0.45169	8.2615e+06	2.6341e+06	2.5045	0.0061305	0.99387	0.012261	0.042471	False
sgRNA_67	AML_TFRC-E18	18620	13859	18620	13859	-0.42606	1.1336e+07	3.624e+06	2.5013	0.0061874	0.99381	0.012375	0.042593	False
sgRNA_368	AML_TFRC-E51	11140	14350	11140	14350	0.36528	5.1524e+06	1.6497e+06	2.4993	0.99378	0.0062223	0.012445	0.042593	True
sgRNA_8	AML_TFRC-E10	28967	22315	28967	22315	-0.37639	2.2126e+07	7.1339e+06	2.4906	0.0063769	0.99362	0.012754	0.043393	False
sgRNA_162	AML_TFRC-E30	10471	13500	10471	13500	0.36657	4.5884e+06	1.5004e+06	2.4731	0.9933	0.0066972	0.013394	0.045304	True
sgRNA_248	AML_TFRC-E39	6079	8071.8	6079	8071.8	0.40899	1.9856e+06	6.5269e+05	2.4666	0.99318	0.0068194	0.013639	0.045862	True
sgRNA_39	AML_TFRC-E14	17497	21936	17497	21936	0.3262	9.8537e+06	3.2943e+06	2.4458	0.99277	0.0072257	0.014451	0.048311	True
sgRNA_175	AML_TFRC-E32	28582	22163	28582	22163	-0.36695	2.0603e+07	6.989e+06	2.4281	0.0075885	0.99241	0.015177	0.050404	False
sgRNA_338	AML_TFRC-E48	25617	19719	25617	19719	-0.3775	1.7393e+07	5.9089e+06	2.4263	0.0076263	0.99237	0.015253	0.050404	False
sgRNA_116	AML_TFRC-E20	19911	15064	19911	15064	-0.40244	1.1747e+07	4.0158e+06	2.4187	0.0077878	0.99221	0.015576	0.051177	False
sgRNA_462	AML_TFRC-E62	16664	12440	16664	12440	-0.42172	8.9207e+06	3.057e+06	2.4158	0.0078496	0.99215	0.015699	0.05129	False
sgRNA_303	AML_TFRC-E45	10092	12942	10092	12942	0.35885	4.0622e+06	1.4181e+06	2.3936	0.99166	0.0083426	0.016685	0.054203	True
sgRNA_469	AML_TFRC-E65	20596	15688	20596	15688	-0.39265	1.2042e+07	4.2295e+06	2.3863	0.0085093	0.99149	0.017019	0.054976	False
sgRNA_330	AML_TFRC-E47	12033	15267	12033	15267	0.34337	5.2285e+06	1.8565e+06	2.3733	0.99119	0.0088138	0.017628	0.056424	True
sgRNA_489	AML_TFRC-E68	17662	13324	17662	13324	-0.40654	9.4068e+06	3.3421e+06	2.3726	0.0088315	0.99117	0.017663	0.056424	False
sgRNA_210	AML_TFRC-E36	16293	12233	16293	12233	-0.41345	8.2423e+06	2.9536e+06	2.3625	0.0090772	0.99092	0.018154	0.057673	False
sgRNA_355	AML_TFRC-E50	14054	17663	14054	17663	0.32977	6.514e+06	2.3548e+06	2.3521	0.99067	0.0093333	0.018667	0.058974	True
sgRNA_275	AML_TFRC-E42	8392.5	10809	8392.5	10809	0.36496	2.9186e+06	1.0692e+06	2.3365	0.99027	0.0097333	0.019467	0.061166	True
sgRNA_410	AML_TFRC-E56	17103	12960	17103	12960	-0.4001	8.5799e+06	3.1814e+06	2.3225	0.010104	0.9899	0.020208	0.063149	False
sgRNA_141	AML_TFRC-E27	10408	13222	10408	13222	0.34521	3.9591e+06	1.4866e+06	2.3079	0.9895	0.010502	0.021005	0.064943	True
sgRNA_379	AML_TFRC-E52	14438	10825	14438	10825	-0.41539	6.5245e+06	2.4542e+06	2.3059	0.010559	0.98944	0.021117	0.064943	False
sgRNA_244	AML_TFRC-E38	12201	9025.4	12201	9025.4	-0.43485	5.041e+06	1.8962e+06	2.3058	0.01056	0.98944	0.021121	0.064943	False
sgRNA_93	AML_TFRC-E18	10413	7624.3	10413	7624.3	-0.4497	3.8892e+06	1.4878e+06	2.2865	0.011111	0.98889	0.022223	0.067968	False
sgRNA_15	AML_TFRC-E11	11578	14597	11578	14597	0.33431	4.5585e+06	1.75e+06	2.2825	0.98877	0.01123	0.022459	0.067991	True
sgRNA_381	AML_TFRC-E53	22811	17735	22811	17735	-0.36309	1.2882e+07	4.9463e+06	2.2822	0.011238	0.98876	0.022476	0.067991	False
sgRNA_455	AML_TFRC-E61	18475	14165	18475	14165	-0.38317	9.2858e+06	3.5807e+06	2.2774	0.011381	0.98862	0.022761	0.067991	False
sgRNA_353	AML_TFRC-E49	24753	19362	24753	19362	-0.35441	1.4536e+07	5.6064e+06	2.2772	0.011388	0.98861	0.022777	0.067991	False
sgRNA_12	AML_TFRC-E11	15187	18894	15187	18894	0.31508	6.8711e+06	2.6519e+06	2.2764	0.98859	0.011411	0.022821	0.067991	True
sgRNA_87	AML_TFRC-E18	16167	20038	16167	20038	0.30963	7.4904e+06	2.9187e+06	2.2656	0.98826	0.011739	0.023479	0.069589	True
sgRNA_5	AML_TFRC-E10	14781	18388	14781	18388	0.31496	6.5034e+06	2.5442e+06	2.2611	0.98812	0.011878	0.023755	0.070047	True
sgRNA_417	AML_TFRC-E57	19694	15243	19694	15243	-0.36961	9.9067e+06	3.9491e+06	2.2399	0.012548	0.98745	0.025097	0.073625	False
sgRNA_409	AML_TFRC-E56	15412	11742	15412	11742	-0.39238	6.7357e+06	2.7124e+06	2.2286	0.012921	0.98708	0.025841	0.075231	False
sgRNA_448	AML_TFRC-E61	13455	10149	13455	10149	-0.4067	5.4627e+06	2.2028e+06	2.2271	0.012972	0.98703	0.025943	0.075231	False
sgRNA_331	AML_TFRC-E47	14977	11391	14977	11391	-0.39482	6.4299e+06	2.5961e+06	2.2257	0.013018	0.98698	0.026036	0.075231	False
sgRNA_402	AML_TFRC-E55	14778	18292	14778	18292	0.30777	6.1749e+06	2.5432e+06	2.2036	0.98622	0.013775	0.02755	0.079207	True
sgRNA_408	AML_TFRC-E56	1823.7	1117	1823.7	1117	-0.70669	2.4968e+05	1.0367e+05	2.1947	0.014093	0.98591	0.028186	0.080633	False
sgRNA_123	AML_TFRC-E21	17475	21446	17475	21446	0.29542	7.885e+06	3.288e+06	2.1901	0.98574	0.01426	0.028521	0.081185	True
sgRNA_240	AML_TFRC-E38	14651	18109	14651	18109	0.30574	5.9807e+06	2.5098e+06	2.1831	0.98549	0.014515	0.02903	0.082228	True
NonTarget_14	NonTarget	23299	18380	23299	18380	-0.34212	1.2099e+07	5.1094e+06	2.1762	0.014771	0.98523	0.029541	0.083266	False
sgRNA_347	AML_TFRC-E49	6077.2	7832.8	6077.2	7832.8	0.36607	1.541e+06	6.524e+05	2.1735	0.98513	0.01487	0.02974	0.083418	True
sgRNA_29	AML_TFRC-E13	16016	19658	16016	19658	0.29562	6.6335e+06	2.8768e+06	2.1475	0.98412	0.015877	0.031754	0.088634	True
sgRNA_437	AML_TFRC-E60	8170.7	10333	8170.7	10333	0.33868	2.3376e+06	1.0263e+06	2.1343	0.98359	0.016407	0.032815	0.091152	True
sgRNA_192	AML_TFRC-E34	15673	19223	15673	19223	0.29452	6.3007e+06	2.7831e+06	2.1279	0.98333	0.016673	0.033347	0.092184	True
sgRNA_152	AML_TFRC-E28	10821	13484	10821	13484	0.31738	3.5458e+06	1.578e+06	2.1199	0.98299	0.017006	0.034013	0.093576	True
sgRNA_214	AML_TFRC-E36	12899	9874.1	12899	9874.1	-0.3855	4.5749e+06	2.065e+06	2.105	0.017648	0.98235	0.035295	0.096642	False
NonTarget_29	NonTarget	17685	21531	17685	21531	0.28391	7.3978e+06	3.3488e+06	2.1019	0.98222	0.017779	0.035558	0.096899	True
NonTarget_10	NonTarget	14314	11051	14314	11051	-0.37328	5.3254e+06	2.4221e+06	2.097	0.017998	0.982	0.035996	0.09763	False
sgRNA_392	AML_TFRC-E54	19818	15635	19818	15635	-0.34203	8.7496e+06	3.9873e+06	2.0949	0.018089	0.98191	0.036178	0.097663	False
sgRNA_208	AML_TFRC-E36	14122	10899	14122	10899	-0.37374	5.1943e+06	2.3724e+06	2.0926	0.018192	0.98181	0.036384	0.09776	False
sgRNA_255	AML_TFRC-E40	14913	18267	14913	18267	0.2927	5.6265e+06	2.5789e+06	2.0889	0.98164	0.018358	0.036716	0.098194	True
sgRNA_467	AML_TFRC-E65	16218	12671	16218	12671	-0.35608	6.2918e+06	2.9327e+06	2.0714	0.019159	0.98084	0.038318	0.102	False
sgRNA_35	AML_TFRC-E14	14732	11454	14732	11454	-0.36297	5.3697e+06	2.5311e+06	2.0599	0.019705	0.98029	0.039411	0.10443	False
sgRNA_486	AML_TFRC-E67	21873	17461	21873	17461	-0.32497	9.7311e+06	4.638e+06	2.0485	0.020257	0.97974	0.040513	0.10686	False
sgRNA_211	AML_TFRC-E36	11531	14216	11531	14216	0.30203	3.6059e+06	1.7391e+06	2.0364	0.97914	0.020855	0.04171	0.10951	True
sgRNA_426	AML_TFRC-E57	10607	8103.3	10607	8103.3	-0.38835	3.1335e+06	1.5303e+06	2.0237	0.021502	0.9785	0.043004	0.1124	False
sgRNA_346	AML_TFRC-E48	10245	12668	10245	12668	0.30634	2.9373e+06	1.451e+06	2.0121	0.9779	0.022104	0.044208	0.11502	True
sgRNA_79	AML_TFRC-E18	14953	18178	14953	18178	0.28171	5.1993e+06	2.5897e+06	2.0038	0.97746	0.022544	0.045088	0.11678	True
NonTarget_33	NonTarget	33469	27497	33469	27497	-0.28357	1.7835e+07	8.9024e+06	2.0017	0.022658	0.97734	0.045315	0.11684	False
sgRNA_329	AML_TFRC-E47	13682	16688	13682	16688	0.28654	4.5188e+06	2.26e+06	1.9997	0.97723	0.022766	0.045532	0.11688	True
sgRNA_430	AML_TFRC-E57	10538	12992	10538	12992	0.30193	3.0099e+06	1.5152e+06	1.9932	0.97688	0.023119	0.046239	0.11817	True
sgRNA_272	AML_TFRC-E42	18917	22753	18917	22753	0.2664	7.3597e+06	3.7127e+06	1.9911	0.97677	0.023234	0.046467	0.11822	True
sgRNA_326	AML_TFRC-E47	13637	16616	13637	16616	0.28498	4.4357e+06	2.2488e+06	1.9862	0.97649	0.023507	0.047014	0.11907	True
sgRNA_78	AML_TFRC-E18	14650	11506	14650	11506	-0.34844	4.9412e+06	2.5096e+06	1.9844	0.023606	0.97639	0.047212	0.11907	False
sgRNA_413	AML_TFRC-E56	9847.1	12160	9847.1	12160	0.30436	2.675e+06	1.3657e+06	1.9792	0.9761	0.023895	0.04779	0.12	True
sgRNA_503	AML_TFRC-E71	7577	5686.6	7577	5686.6	-0.41398	1.7867e+06	9.1435e+05	1.9769	0.024027	0.97597	0.048053	0.12013	False
sgRNA_461	AML_TFRC-E62	13596	16545	13596	16545	0.28322	4.3488e+06	2.2383e+06	1.9713	0.97565	0.024347	0.048695	0.12121	True
sgRNA_243	AML_TFRC-E38	16080	12733	16080	12733	-0.33667	5.6009e+06	2.8944e+06	1.9673	0.024576	0.97542	0.049152	0.12135	False
sgRNA_88	AML_TFRC-E18	16840	20307	16840	20307	0.27008	6.0108e+06	3.1068e+06	1.9671	0.97541	0.024586	0.049172	0.12135	True
NonTarget_1	NonTarget	3224.1	4198.8	3224.1	4198.8	0.38097	4.75e+05	2.4747e+05	1.9593	0.97496	0.02504	0.05008	0.12306	True
sgRNA_395	AML_TFRC-E54	7695.9	9583.3	7695.9	9583.3	0.3164	1.7812e+06	9.3641e+05	1.9504	0.97444	0.025562	0.051124	0.12509	True
NonTarget_49	NonTarget	22390	26651	22390	26651	0.25132	9.0778e+06	4.8072e+06	1.9434	0.97402	0.025985	0.051969	0.12662	True
NonTarget_58	NonTarget	13484	16368	13484	16368	0.27962	4.1588e+06	2.2101e+06	1.9399	0.97381	0.026194	0.052387	0.1271	True
sgRNA_126	AML_TFRC-E22	24609	20047	24609	20047	-0.29578	1.0405e+07	5.5563e+06	1.9353	0.026477	0.97352	0.052954	0.12793	False
sgRNA_348	AML_TFRC-E49	16408	13085	16408	13085	-0.32641	5.5194e+06	2.9855e+06	1.9229	0.027247	0.97275	0.054494	0.13111	False
sgRNA_26	AML_TFRC-E13	13977	16909	13977	16909	0.27469	4.2973e+06	2.3352e+06	1.9184	0.97247	0.027528	0.055056	0.13191	True
sgRNA_174	AML_TFRC-E32	14088	11142	14088	11142	-0.33842	4.3393e+06	2.3637e+06	1.9161	0.027673	0.97233	0.055346	0.13205	False
sgRNA_212	AML_TFRC-E36	10202	12497	10202	12497	0.29271	2.6336e+06	1.4418e+06	1.9113	0.97202	0.027981	0.055962	0.13297	True
NonTarget_5	NonTarget	12587	9907.9	12587	9907.9	-0.3452	3.5876e+06	1.9889e+06	1.8994	0.028758	0.97124	0.057516	0.1361	False
sgRNA_506	AML_TFRC-E71	15254	12157	15254	12157	-0.32744	4.7975e+06	2.6699e+06	1.8957	0.028999	0.971	0.057998	0.13668	False
sgRNA_450	AML_TFRC-E61	11396	8926.2	11396	8926.2	-0.35234	3.0492e+06	1.708e+06	1.8896	0.029409	0.97059	0.058818	0.13804	False
sgRNA_72	AML_TFRC-E18	21342	17355	21342	17355	-0.29832	7.9476e+06	4.4667e+06	1.8864	0.029619	0.97038	0.059237	0.13846	False
sgRNA_97	AML_TFRC-E19	19514	15828	19514	15828	-0.30202	6.7936e+06	3.8939e+06	1.868	0.030882	0.96912	0.061765	0.14378	False
NonTarget_24	NonTarget	11119	8733.4	11119	8733.4	-0.34834	2.845e+06	1.6449e+06	1.8599	0.031451	0.96855	0.062902	0.14584	False
sgRNA_280	AML_TFRC-E42	14282	17161	14282	17161	0.26499	4.1465e+06	2.4136e+06	1.8536	0.9681	0.031896	0.063793	0.14731	True
sgRNA_58	AML_TFRC-E17	5994.7	7474.4	5994.7	7474.4	0.31822	1.0947e+06	6.3889e+05	1.8512	0.96793	0.03207	0.064141	0.14752	True
sgRNA_372	AML_TFRC-E52	13259	10547	13259	10547	-0.33013	3.6781e+06	2.154e+06	1.848	0.032301	0.9677	0.064603	0.14799	False
sgRNA_245	AML_TFRC-E39	14777	17707	14777	17707	0.26096	4.2928e+06	2.543e+06	1.8374	0.96693	0.033073	0.066145	0.15093	True
sgRNA_76	AML_TFRC-E18	19131	15610	19131	15610	-0.29343	6.1992e+06	3.7775e+06	1.8117	0.035019	0.96498	0.070038	0.15882	False
sgRNA_365	AML_TFRC-E51	11864	14305	11864	14305	0.26989	2.9789e+06	1.8168e+06	1.8109	0.96492	0.035078	0.070157	0.15882	True
sgRNA_390	AML_TFRC-E54	15581	12579	15581	12579	-0.30869	4.5044e+06	2.758e+06	1.8073	0.035356	0.96464	0.070712	0.15885	False
sgRNA_16	AML_TFRC-E11	3489.4	4444.5	3489.4	4444.5	0.34894	4.5607e+05	2.7927e+05	1.8073	0.96464	0.035362	0.070723	0.15885	True
sgRNA_441	AML_TFRC-E60	13056	10455	13056	10455	-0.32055	3.3837e+06	2.1037e+06	1.7936	0.036439	0.96356	0.072877	0.16305	False
sgRNA_95	AML_TFRC-E19	14232	11502	14232	11502	-0.30725	3.7268e+06	2.4007e+06	1.762	0.039032	0.96097	0.078065	0.17398	False
sgRNA_388	AML_TFRC-E53	20193	16637	20193	16637	-0.27942	6.3213e+06	4.1034e+06	1.7553	0.039605	0.96039	0.079211	0.17585	False
sgRNA_427	AML_TFRC-E57	28956	24278	28956	24278	-0.2542	1.0942e+07	7.1299e+06	1.7519	0.039893	0.96011	0.079787	0.17645	False
sgRNA_171	AML_TFRC-E32	9524	7546.5	9524	7546.5	-0.33573	1.9553e+06	1.2977e+06	1.736	0.041286	0.95871	0.082571	0.18191	False
NonTarget_13	NonTarget	10777	12941	10777	12941	0.26398	2.3416e+06	1.5681e+06	1.7282	0.95802	0.041979	0.083958	0.18426	True
sgRNA_30	AML_TFRC-E13	23949	19969	23949	19969	-0.2622	7.9212e+06	5.3297e+06	1.7241	0.042347	0.95765	0.084693	0.18517	False
sgRNA_68	AML_TFRC-E18	13396	15941	13396	15941	0.25089	3.2377e+06	2.1881e+06	1.7203	0.95731	0.042692	0.085384	0.18597	True
sgRNA_479	AML_TFRC-E65	8738.7	6906.3	8738.7	6906.3	-0.33946	1.6788e+06	1.1375e+06	1.7181	0.04289	0.95711	0.08578	0.18613	False
sgRNA_307	AML_TFRC-E45	7141.3	8708.6	7141.3	8708.6	0.28623	1.2283e+06	8.3511e+05	1.7151	0.95684	0.04316	0.08632	0.18659	True
sgRNA_324	AML_TFRC-E47	4671.5	3540.5	4671.5	3540.5	-0.39984	6.396e+05	4.3626e+05	1.7124	0.043414	0.95659	0.086828	0.18699	False
sgRNA_289	AML_TFRC-E44	8453.8	10228	8453.8	10228	0.27483	1.574e+06	1.0812e+06	1.7063	0.95603	0.043972	0.087944	0.18869	True
NonTarget_19	NonTarget	13629	11101	13629	11101	-0.29607	3.1975e+06	2.2468e+06	1.6871	0.045792	0.95421	0.091584	0.19577	False
NonTarget_18	NonTarget	14591	11933	14591	11933	-0.29007	3.5321e+06	2.4942e+06	1.6829	0.046197	0.9538	0.092393	0.19644	False
sgRNA_397	AML_TFRC-E55	24639	20675	24639	20675	-0.25306	7.8573e+06	5.5667e+06	1.6802	0.046462	0.95354	0.092925	0.19644	False
CARS	CARS	6526.3	7959	6526.3	7959	0.2863	1.0264e+06	7.2759e+05	1.6797	0.95349	0.046506	0.093011	0.19644	True
sgRNA_115	AML_TFRC-E20	6907.9	8403.2	6907.9	8403.2	0.28266	1.118e+06	7.937e+05	1.6784	0.95337	0.046633	0.093266	0.19644	True
sgRNA_475	AML_TFRC-E65	30435	25807	30435	25807	-0.23796	1.0709e+07	7.6955e+06	1.6683	0.047628	0.95237	0.095257	0.19948	False
sgRNA_157	AML_TFRC-E29	18384	15241	18384	15241	-0.27053	4.9412e+06	3.5538e+06	1.6676	0.047701	0.9523	0.095402	0.19948	False
sgRNA_290	AML_TFRC-E44	22285	25905	22285	25905	0.21711	6.5503e+06	4.7728e+06	1.6568	0.95122	0.048785	0.097569	0.20327	True
sgRNA_139	AML_TFRC-E27	22181	18593	22181	18593	-0.25454	6.4364e+06	4.7385e+06	1.6482	0.049653	0.95035	0.099306	0.20614	False
sgRNA_385	AML_TFRC-E53	16788	19674	16788	19674	0.22886	4.1648e+06	3.092e+06	1.6413	0.94963	0.050366	0.10073	0.20835	True
sgRNA_111	AML_TFRC-E20	14357	16912	14357	16912	0.23629	3.2645e+06	2.4332e+06	1.6381	0.9493	0.0507	0.1014	0.20898	True
sgRNA_407	AML_TFRC-E56	18408	15351	18408	15351	-0.26199	4.673e+06	3.5609e+06	1.6201	0.05261	0.94739	0.10522	0.21608	False
sgRNA_497	AML_TFRC-E69	13948	11495	13948	11495	-0.27902	3.0084e+06	2.3278e+06	1.6077	0.053946	0.94605	0.10789	0.22078	False
sgRNA_271	AML_TFRC-E42	23099	19497	23099	19497	-0.24459	6.4885e+06	5.0425e+06	1.6042	0.054333	0.94567	0.10867	0.22157	False
sgRNA_256	AML_TFRC-E40	12850	15145	12850	15145	0.23702	2.6327e+06	2.0531e+06	1.6015	0.94536	0.054637	0.10927	0.22175	True
sgRNA_47	AML_TFRC-E15	19141	16030	19141	16030	-0.25593	4.841e+06	3.7805e+06	1.6003	0.054764	0.94524	0.10953	0.22175	False
sgRNA_203	AML_TFRC-E35	9037.7	10782	9037.7	10782	0.2545	1.5204e+06	1.1976e+06	1.5934	0.94447	0.055532	0.11106	0.22408	True
sgRNA_350	AML_TFRC-E49	15731	13076	15731	13076	-0.2666	3.5228e+06	2.7988e+06	1.5866	0.056299	0.9437	0.1126	0.22638	False
sgRNA_377	AML_TFRC-E52	15348	17948	15348	17948	0.22574	3.3795e+06	2.6952e+06	1.5836	0.94336	0.056642	0.11328	0.22696	True
sgRNA_342	AML_TFRC-E48	14310	11858	14310	11858	-0.27115	3.0063e+06	2.421e+06	1.5759	0.057522	0.94248	0.11504	0.22969	False
sgRNA_117	AML_TFRC-E20	12075	9929.4	12075	9929.4	-0.28228	2.3028e+06	1.8665e+06	1.5708	0.058112	0.94189	0.11622	0.231	False
sgRNA_17	AML_TFRC-E11	14770	17272	14770	17272	0.22577	3.1303e+06	2.5411e+06	1.5696	0.94175	0.058251	0.1165	0.231	True
sgRNA_56	AML_TFRC-E17	19023	15996	19023	15996	-0.25005	4.5825e+06	3.7448e+06	1.5644	0.058861	0.94114	0.11772	0.23261	False
sgRNA_495	AML_TFRC-E69	13746	16101	13746	16101	0.22804	2.7711e+06	2.2764e+06	1.5603	0.94066	0.059342	0.11868	0.23371	True
sgRNA_138	AML_TFRC-E23	21379	24666	21379	24666	0.20636	5.4043e+06	4.4783e+06	1.5536	0.93986	0.060145	0.12029	0.23606	True
sgRNA_494	AML_TFRC-E68	18752	21721	18752	21721	0.21205	4.4079e+06	3.6632e+06	1.5513	0.93959	0.060412	0.12082	0.23631	True
sgRNA_262	AML_TFRC-E41	16391	19052	16391	19052	0.21699	3.5394e+06	2.9808e+06	1.541	0.93835	0.061654	0.12331	0.24035	True
sgRNA_99	AML_TFRC-E19	11181	13156	11181	13156	0.23472	1.9515e+06	1.659e+06	1.5338	0.93746	0.062536	0.12507	0.2429	True
sgRNA_507	AML_TFRC-E71	13913	16246	13913	16246	0.22361	2.7209e+06	2.3189e+06	1.5319	0.93723	0.062774	0.12555	0.2429	True
sgRNA_460	AML_TFRC-E62	22348	18998	22348	18998	-0.23435	5.6143e+06	4.7935e+06	1.5305	0.062944	0.93706	0.12589	0.2429	False
NonTarget_26	NonTarget	13116	15339	13116	15339	0.22579	2.4693e+06	2.1186e+06	1.5268	0.93659	0.063405	0.12681	0.24314	True
sgRNA_23	AML_TFRC-E12	18907	15967	18907	15967	-0.24385	4.323e+06	3.7098e+06	1.5266	0.063427	0.93657	0.12685	0.24314	False
sgRNA_28	AML_TFRC-E13	9395.4	11112	9395.4	11112	0.24205	1.473e+06	1.2709e+06	1.5225	0.93606	0.063941	0.12788	0.24332	True
sgRNA_51	AML_TFRC-E16	13673	15959	13673	15959	0.22301	2.6125e+06	2.2578e+06	1.5213	0.9359	0.064098	0.1282	0.24332	True
sgRNA_300	AML_TFRC-E45	15804	18358	15804	18358	0.2161	3.2614e+06	2.8189e+06	1.5212	0.93589	0.064109	0.12822	0.24332	True
sgRNA_488	AML_TFRC-E68	16080	13512	16080	13512	-0.25102	3.2974e+06	2.8944e+06	1.5095	0.065592	0.93441	0.13118	0.24775	False
sgRNA_153	AML_TFRC-E28	22908	26274	22908	26274	0.19778	5.6648e+06	4.9785e+06	1.5085	0.93429	0.065707	0.13141	0.24775	True
sgRNA_308	AML_TFRC-E45	8368.6	9917	8368.6	9917	0.24489	1.1987e+06	1.0646e+06	1.5007	0.93328	0.06672	0.13344	0.2506	True
sgRNA_196	AML_TFRC-E34	8383.7	9932.7	8383.7	9932.7	0.24458	1.1998e+06	1.0675e+06	1.4993	0.9331	0.0669	0.1338	0.2506	True
sgRNA_401	AML_TFRC-E55	17042	14379	17042	14379	-0.24503	3.5434e+06	3.1639e+06	1.4966	0.067247	0.93275	0.13449	0.25108	False
sgRNA_314	AML_TFRC-E46	12301	10242	12301	10242	-0.26429	2.1203e+06	1.9202e+06	1.4861	0.068629	0.93137	0.13726	0.25487	False
sgRNA_268	AML_TFRC-E41	23708	20305	23708	20305	-0.22353	5.7901e+06	5.2476e+06	1.4855	0.068704	0.9313	0.13741	0.25487	False
NonTarget_27	NonTarget	31031	35162	31031	35162	0.18031	8.5337e+06	7.9279e+06	1.4673	0.92885	0.071153	0.14231	0.26311	True
sgRNA_206	AML_TFRC-E35	11833	9870.7	11833	9870.7	-0.26158	1.9255e+06	1.8095e+06	1.4589	0.072301	0.9277	0.1446	0.2665	False
sgRNA_468	AML_TFRC-E65	13821	11613	13821	11613	-0.25106	2.4369e+06	2.2954e+06	1.4572	0.072537	0.92746	0.14507	0.26651	False
sgRNA_340	AML_TFRC-E48	17350	14735	17350	14735	-0.23568	3.419e+06	3.2519e+06	1.4501	0.073517	0.92648	0.14703	0.26925	False
sgRNA_415	AML_TFRC-E57	11978	10015	11978	10015	-0.25818	1.9263e+06	1.8435e+06	1.4456	0.074141	0.92586	0.14828	0.27067	False
sgRNA_349	AML_TFRC-E49	13490	11344	13490	11344	-0.24995	2.3028e+06	2.2117e+06	1.443	0.074506	0.92549	0.14901	0.27115	False
sgRNA_432	AML_TFRC-E59	2843.4	2193.5	2843.4	2193.5	-0.37422	2.1116e+05	2.0424e+05	1.438	0.075221	0.92478	0.15044	0.27288	False
sgRNA_63	AML_TFRC-E17	16389	13913	16389	13913	-0.23632	3.0665e+06	2.9803e+06	1.4345	0.075713	0.92429	0.15143	0.2738	False
NonTarget_43	NonTarget	10557	8811.2	10557	8811.2	-0.26077	1.524e+06	1.5193e+06	1.4164	0.078335	0.92167	0.15667	0.2824	False
sgRNA_154	AML_TFRC-E28	14112	11943	14112	11943	-0.24081	2.3536e+06	2.3699e+06	1.4094	0.079365	0.92063	0.15873	0.28522	False
NonTarget_38	NonTarget	8380.1	9822.3	8380.1	9822.3	0.22906	1.0399e+06	1.0668e+06	1.3963	0.91868	0.081319	0.16264	0.29133	True
sgRNA_398	AML_TFRC-E55	20059	17273	20059	17273	-0.21571	3.8807e+06	4.0617e+06	1.3823	0.083435	0.91656	0.16687	0.29798	False
sgRNA_276	AML_TFRC-E42	8686.3	10147	8686.3	10147	0.2242	1.0667e+06	1.1271e+06	1.3758	0.91556	0.084439	0.16888	0.29982	True
sgRNA_140	AML_TFRC-E27	13956	16056	13956	16056	0.20219	2.2043e+06	2.3298e+06	1.3756	0.91553	0.084472	0.16894	0.29982	True
sgRNA_204	AML_TFRC-E35	12205	10330	12205	10330	-0.24068	1.7587e+06	1.8973e+06	1.3616	0.086663	0.91334	0.17333	0.30665	False
sgRNA_252	AML_TFRC-E40	11846	13669	11846	13669	0.20658	1.6631e+06	1.8124e+06	1.3547	0.91224	0.087757	0.17551	0.30957	True
sgRNA_177	AML_TFRC-E32	13607	11583	13607	11583	-0.23235	2.0487e+06	2.2412e+06	1.3521	0.088167	0.91183	0.17633	0.31007	False
sgRNA_351	AML_TFRC-E49	20725	23515	20725	23515	0.1822	3.8919e+06	4.2704e+06	1.3501	0.91151	0.088492	0.17698	0.31026	True
sgRNA_473	AML_TFRC-E65	5307.8	4331.8	5307.8	4331.8	-0.2931	4.7632e+05	5.3036e+05	1.3402	0.090085	0.90991	0.18017	0.31489	False
sgRNA_449	AML_TFRC-E61	9616.3	11144	9616.3	11144	0.21275	1.1676e+06	1.317e+06	1.3316	0.9085	0.091499	0.183	0.31886	True
sgRNA_476	AML_TFRC-E65	13598	15562	13598	15562	0.19458	1.9279e+06	2.239e+06	1.3123	0.90529	0.09471	0.18942	0.32883	True
sgRNA_451	AML_TFRC-E61	10027	11581	10027	11581	0.20778	1.2066e+06	1.4041e+06	1.311	0.90507	0.094932	0.18986	0.32883	True
sgRNA_83	AML_TFRC-E18	13102	11205	13102	11205	-0.22561	1.7991e+06	2.1151e+06	1.3043	0.096066	0.90393	0.19213	0.33176	False
sgRNA_130	AML_TFRC-E22	15406	17545	15406	17545	0.18752	2.2868e+06	2.7107e+06	1.2989	0.90302	0.096984	0.19397	0.33203	True
NonTarget_35	NonTarget	23150	20228	23150	20228	-0.19461	4.2673e+06	5.0594e+06	1.2988	0.097007	0.90299	0.19401	0.33203	False
sgRNA_105	AML_TFRC-E19	15466	17611	15466	17611	0.18734	2.3e+06	2.727e+06	1.2988	0.90299	0.097011	0.19402	0.33203	True
NonTarget_54	NonTarget	16464	14236	16464	14236	-0.20971	2.4809e+06	3.0011e+06	1.2858	0.099252	0.90075	0.1985	0.33869	False
sgRNA_411	AML_TFRC-E56	16553	14327	16553	14327	-0.20836	2.4777e+06	3.0259e+06	1.2797	0.10032	0.89968	0.20064	0.34133	False
sgRNA_380	AML_TFRC-E53	18584	20978	18584	20978	0.17481	2.8658e+06	3.6131e+06	1.2595	0.89607	0.10393	0.20785	0.35255	True
sgRNA_82	AML_TFRC-E18	19501	17039	19501	17039	-0.19471	3.0311e+06	3.8898e+06	1.2484	0.10594	0.89406	0.21189	0.35834	False
sgRNA_156	AML_TFRC-E29	11910	13583	11910	13583	0.18952	1.3981e+06	1.8276e+06	1.2369	0.89194	0.10806	0.21611	0.36343	True
sgRNA_7	AML_TFRC-E10	14945	16933	14945	16933	0.18008	1.9743e+06	2.5876e+06	1.2353	0.89164	0.10836	0.21671	0.36343	True
sgRNA_517	AML_TFRC-E72	12806	11041	12806	11041	-0.21394	1.5577e+06	2.0422e+06	1.2351	0.1084	0.8916	0.21679	0.36343	False
sgRNA_435	AML_TFRC-E59	17828	15559	17828	15559	-0.19642	2.5749e+06	3.3903e+06	1.2325	0.10889	0.89111	0.21777	0.36371	False
sgRNA_233	AML_TFRC-E38	16320	14201	16320	14201	-0.2006	2.2444e+06	2.961e+06	1.2313	0.10911	0.89089	0.21823	0.36371	False
sgRNA_305	AML_TFRC-E45	12958	11191	12958	11191	-0.21148	1.5609e+06	2.0794e+06	1.2253	0.11023	0.88977	0.22047	0.36543	False
sgRNA_510	AML_TFRC-E72	14480	12557	14480	12557	-0.20562	1.8501e+06	2.4653e+06	1.2251	0.11026	0.88974	0.22053	0.36543	False
sgRNA_163	AML_TFRC-E30	10165	8701.9	10165	8701.9	-0.22416	1.0701e+06	1.4337e+06	1.2218	0.1109	0.8891	0.2218	0.36648	False
sgRNA_360	AML_TFRC-E50	25392	22448	25392	22448	-0.17781	4.3352e+06	5.8297e+06	1.2195	0.11132	0.88868	0.22264	0.36682	False
sgRNA_424	AML_TFRC-E57	31329	34779	31329	34779	0.15071	5.9507e+06	8.045e+06	1.2163	0.88806	0.11194	0.22387	0.36779	True
sgRNA_119	AML_TFRC-E21	16879	19021	16879	19021	0.17236	2.2942e+06	3.1178e+06	1.2131	0.88746	0.11254	0.22508	0.36873	True
sgRNA_86	AML_TFRC-E18	9978.4	11405	9978.4	11405	0.19275	1.0174e+06	1.3937e+06	1.2083	0.88653	0.11347	0.22694	0.36991	True
sgRNA_100	AML_TFRC-E19	18863	16540	18863	16540	-0.18953	2.6966e+06	3.6965e+06	1.2079	0.11355	0.88645	0.22709	0.36991	False
MRPL39	MRPL39	20258	22699	20258	22699	0.16417	2.9806e+06	4.1236e+06	1.2023	0.88539	0.11461	0.22923	0.37233	True
sgRNA_416	AML_TFRC-E57	15942	13926	15942	13926	-0.195	2.0315e+06	2.8566e+06	1.1926	0.11651	0.88349	0.23302	0.37663	False
sgRNA_464	AML_TFRC-E64	14890	12977	14890	12977	-0.1983	1.8284e+06	2.5728e+06	1.1922	0.11659	0.88341	0.23319	0.37663	False
sgRNA_4	AML_TFRC-E10	8681	9930.5	8681	9930.5	0.19399	7.8065e+05	1.126e+06	1.1775	0.88051	0.11949	0.23898	0.38492	True
sgRNA_282	AML_TFRC-E43	15364	17296	15364	17296	0.1708	1.8648e+06	2.6995e+06	1.1754	0.88008	0.11992	0.23983	0.38521	True
sgRNA_389	AML_TFRC-E53	9485.9	8161.9	9485.9	8161.9	-0.21685	8.7641e+05	1.2897e+06	1.1658	0.12185	0.87815	0.2437	0.38979	False
sgRNA_74	AML_TFRC-E18	12127	10530	12127	10530	-0.20367	1.2748e+06	1.8787e+06	1.1649	0.12202	0.87798	0.24404	0.38979	False
sgRNA_71	AML_TFRC-E18	10371	11782	10371	11782	0.18412	9.9658e+05	1.4785e+06	1.1611	0.8772	0.1228	0.24561	0.3912	True
sgRNA_297	AML_TFRC-E45	17051	19091	17051	19091	0.16301	2.0803e+06	3.1667e+06	1.1463	0.87415	0.12585	0.25169	0.39979	True
sgRNA_127	AML_TFRC-E22	16316	18271	16316	18271	0.16325	1.9108e+06	2.9598e+06	1.1363	0.87208	0.12792	0.25583	0.40525	True
sgRNA_421	AML_TFRC-E57	30916	27766	30916	27766	-0.15503	4.9611e+06	7.8827e+06	1.1219	0.13095	0.86905	0.26189	0.41315	False
sgRNA_125	AML_TFRC-E21	17103	19102	17103	19102	0.15951	1.9992e+06	3.1814e+06	1.1211	0.86887	0.13113	0.26226	0.41315	True
sgRNA_53	AML_TFRC-E16	12832	14428	12832	14428	0.16906	1.2728e+06	2.0487e+06	1.1147	0.86751	0.13249	0.26497	0.41628	True
sgRNA_285	AML_TFRC-E43	17366	15368	17366	15368	-0.17635	1.9967e+06	3.2568e+06	1.1073	0.13408	0.86592	0.26815	0.41968	False
sgRNA_296	AML_TFRC-E45	11416	9969.9	11416	9969.9	-0.19539	1.0456e+06	1.7127e+06	1.105	0.13458	0.86542	0.26916	0.41968	False
sgRNA_165	AML_TFRC-E30	12448	13993	12448	13993	0.16874	1.193e+06	1.9555e+06	1.1046	0.86534	0.13466	0.26932	0.41968	True
sgRNA_112	AML_TFRC-E20	15603	13772	15603	13772	-0.18008	1.6765e+06	2.764e+06	1.1014	0.13536	0.86464	0.27073	0.42073	False
sgRNA_512	AML_TFRC-E72	13274	11661	13274	11661	-0.18697	1.3019e+06	2.1578e+06	1.0985	0.13599	0.86401	0.27198	0.42153	False
sgRNA_235	AML_TFRC-E38	10656	12012	10656	12012	0.17279	9.1934e+05	1.5413e+06	1.0922	0.86263	0.13737	0.27474	0.42466	True
sgRNA_133	AML_TFRC-E22	6494.3	5569.4	6494.3	5569.4	-0.22161	4.2771e+05	7.2215e+05	1.0884	0.13821	0.86179	0.27643	0.42613	False
sgRNA_333	AML_TFRC-E48	14963	13215	14963	13215	-0.17922	1.5279e+06	2.5923e+06	1.0857	0.1388	0.8612	0.2776	0.42679	False
sgRNA_158	AML_TFRC-E29	16770	14887	16770	14887	-0.17185	1.7734e+06	3.087e+06	1.0719	0.14188	0.85812	0.28377	0.4345	False
sgRNA_259	AML_TFRC-E40	16660	14788	16660	14788	-0.17199	1.753e+06	3.056e+06	1.0711	0.14206	0.85794	0.28412	0.4345	False
sgRNA_22	AML_TFRC-E12	17840	19802	17840	19802	0.15053	1.9249e+06	3.3939e+06	1.065	0.85657	0.14343	0.28686	0.43751	True
sgRNA_328	AML_TFRC-E47	19646	17551	19646	17551	-0.16266	2.1942e+06	3.9344e+06	1.0561	0.14546	0.85454	0.29092	0.44253	False
sgRNA_246	AML_TFRC-E39	15460	17193	15460	17193	0.15325	1.5013e+06	2.7253e+06	1.0496	0.85305	0.14695	0.29389	0.44527	True
NonTarget_40	NonTarget	20527	22679	20527	22679	0.14379	2.3145e+06	4.208e+06	1.0488	0.85287	0.14713	0.29426	0.44527	True
sgRNA_315	AML_TFRC-E46	15253	16957	15253	16957	0.15277	1.4518e+06	2.6697e+06	1.0429	0.8515	0.1485	0.29701	0.44824	True
sgRNA_341	AML_TFRC-E48	16945	18770	16945	18770	0.14756	1.6654e+06	3.1364e+06	1.0305	0.84861	0.15139	0.30277	0.45575	True
sgRNA_34	AML_TFRC-E14	14853	16494	14853	16494	0.15117	1.3463e+06	2.5631e+06	1.025	0.84731	0.15269	0.30538	0.45794	True
SEC61G	SEC61G	11555	10203	11555	10203	-0.17941	9.1293e+05	1.7446e+06	1.023	0.15315	0.84685	0.3063	0.45794	False
sgRNA_193	AML_TFRC-E34	22531	20280	22531	20280	-0.15184	2.5335e+06	4.8537e+06	1.0217	0.15345	0.84655	0.30691	0.45794	False
NonTarget_3	NonTarget	10771	12047	10771	12047	0.16156	8.1465e+05	1.5667e+06	1.0198	0.84608	0.15392	0.30783	0.45794	True
sgRNA_431	AML_TFRC-E59	17981	16095	17981	16095	-0.15988	1.7791e+06	3.4352e+06	1.0177	0.1544	0.8456	0.3088	0.45794	False
sgRNA_339	AML_TFRC-E48	16146	14410	16146	14410	-0.16412	1.5072e+06	2.9128e+06	1.0173	0.1545	0.8455	0.30901	0.45794	False
HARS	HARS	6646.1	5772.3	6646.1	5772.3	-0.20332	3.8172e+05	7.4813e+05	1.0102	0.1562	0.8438	0.31241	0.46179	False
sgRNA_21	AML_TFRC-E12	6623.9	7493.5	6623.9	7493.5	0.17794	3.7814e+05	7.4431e+05	1.008	0.84327	0.15673	0.31345	0.46214	True
NonTarget_47	NonTarget	15444	13785	15444	13785	-0.1639	1.3757e+06	2.721e+06	1.0056	0.15732	0.84268	0.31463	0.46269	False
sgRNA_24	AML_TFRC-E12	12363	13753	12363	13753	0.15368	9.6577e+05	1.935e+06	0.9991	0.84113	0.15887	0.31775	0.46609	True
sgRNA_513	AML_TFRC-E72	13959	15476	13959	15476	0.1488	1.1503e+06	2.3307e+06	0.99351	0.83977	0.16023	0.32046	0.46794	True
sgRNA_101	AML_TFRC-E19	21097	19017	21097	19017	-0.14977	2.1642e+06	4.3883e+06	0.99314	0.16032	0.83968	0.32064	0.46794	False
sgRNA_65	AML_TFRC-E18	14973	13391	14973	13391	-0.16109	1.2514e+06	2.5949e+06	0.98208	0.16303	0.83697	0.32606	0.47464	False
sgRNA_241	AML_TFRC-E38	24768	22449	24768	22449	-0.1418	2.6881e+06	5.6113e+06	0.97882	0.16383	0.83617	0.32767	0.47578	False
sgRNA_311	AML_TFRC-E46	21875	23967	21875	23967	0.13181	2.1897e+06	4.6386e+06	0.97167	0.83439	0.16561	0.33122	0.47874	True
sgRNA_420	AML_TFRC-E57	23056	20878	23056	20878	-0.14316	2.372e+06	5.0279e+06	0.97135	0.16569	0.83431	0.33137	0.47874	False
sgRNA_323	AML_TFRC-E47	14175	15666	14175	15666	0.14423	1.1108e+06	2.3861e+06	0.9649	0.8327	0.1673	0.3346	0.48121	True
sgRNA_334	AML_TFRC-E48	16959	15250	16959	15250	-0.15327	1.461e+06	3.1405e+06	0.96458	0.16738	0.83262	0.33476	0.48121	False
sgRNA_470	AML_TFRC-E65	14637	13116	14637	13116	-0.15834	1.1576e+06	2.5063e+06	0.96111	0.16825	0.83175	0.3365	0.48251	False
sgRNA_270	AML_TFRC-E41	18191	16457	18191	16457	-0.14451	1.5033e+06	3.4967e+06	0.92726	0.17689	0.82311	0.35379	0.50604	False
NonTarget_50	NonTarget	14172	15583	14172	15583	0.1369	9.9525e+05	2.3854e+06	0.91348	0.81951	0.18049	0.36099	0.51506	True
sgRNA_257	AML_TFRC-E40	11115	9959.8	11115	9959.8	-0.15833	6.6751e+05	1.6441e+06	0.90112	0.18376	0.81624	0.36753	0.51919	False
sgRNA_378	AML_TFRC-E52	6695.8	5912.1	6695.8	5912.1	-0.17955	3.0708e+05	7.5671e+05	0.90089	0.18382	0.81618	0.36764	0.51919	False
sgRNA_96	AML_TFRC-E19	13749	12391	13749	12391	-0.15002	9.2212e+05	2.2771e+06	0.89994	0.18408	0.81592	0.36815	0.51919	False
sgRNA_425	AML_TFRC-E57	5887.3	5178.3	5887.3	5178.3	-0.1851	2.5135e+05	6.2146e+05	0.89939	0.18422	0.81578	0.36845	0.51919	False
sgRNA_442	AML_TFRC-E60	8026.9	7129.4	8026.9	7129.4	-0.17104	4.0274e+05	9.9877e+05	0.89804	0.18458	0.81542	0.36916	0.51919	False
sgRNA_253	AML_TFRC-E40	19035	17302	19035	17302	-0.13767	1.5008e+06	3.7483e+06	0.89486	0.18543	0.81457	0.37086	0.51919	False
sgRNA_414	AML_TFRC-E57	9570.2	10593	9570.2	10593	0.14651	5.2335e+05	1.3073e+06	0.89478	0.81455	0.18545	0.3709	0.51919	True
sgRNA_128	AML_TFRC-E22	14183	15565	14183	15565	0.13415	9.5519e+05	2.3881e+06	0.89439	0.81444	0.18556	0.37111	0.51919	True
sgRNA_487	AML_TFRC-E67	11176	12319	11176	12319	0.14041	6.5269e+05	1.658e+06	0.88732	0.81255	0.18745	0.37491	0.52323	True
sgRNA_356	AML_TFRC-E50	20556	22369	20556	22369	0.12194	1.6437e+06	4.217e+06	0.88293	0.81136	0.18864	0.37728	0.52459	True
NonTarget_12	NonTarget	18031	16393	18031	16393	-0.13743	1.3422e+06	3.4497e+06	0.88214	0.18885	0.81115	0.3777	0.52459	False
sgRNA_166	AML_TFRC-E30	16732	18265	16732	18265	0.12647	1.1751e+06	3.0762e+06	0.87406	0.80896	0.19104	0.38209	0.52895	True
sgRNA_267	AML_TFRC-E41	12218	13416	12218	13416	0.13487	7.1691e+05	1.9005e+06	0.8686	0.80747	0.19253	0.38507	0.52895	True
NonTarget_21	NonTarget	9053.7	10005	9053.7	10005	0.14411	4.5238e+05	1.2009e+06	0.868	0.8073	0.1927	0.3854	0.52895	True
sgRNA_404	AML_TFRC-E55	17599	19181	17599	19181	0.12421	1.252e+06	3.3238e+06	0.86795	0.80729	0.19271	0.38542	0.52895	True
sgRNA_136	AML_TFRC-E23	17043	18587	17043	18587	0.1251	1.1918e+06	3.1644e+06	0.86791	0.80728	0.19272	0.38544	0.52895	True
sgRNA_304	AML_TFRC-E45	21284	23102	21284	23102	0.11825	1.6527e+06	4.4479e+06	0.86206	0.80567	0.19433	0.38866	0.53209	True
sgRNA_354	AML_TFRC-E49	21250	23059	21250	23059	0.11786	1.6362e+06	4.4371e+06	0.85878	0.80477	0.19523	0.39046	0.53329	True
sgRNA_505	AML_TFRC-E71	21813	19976	21813	19976	-0.12694	1.688e+06	4.6187e+06	0.85496	0.19629	0.80371	0.39258	0.53491	False
NonTarget_17	NonTarget	19697	21380	19697	21380	0.11832	1.4173e+06	3.9499e+06	0.84713	0.80154	0.19846	0.39692	0.53955	True
sgRNA_190	AML_TFRC-E33	15852	14452	15852	14452	-0.13338	9.7984e+05	2.8318e+06	0.83189	0.20274	0.79726	0.40547	0.54987	False
sgRNA_182	AML_TFRC-E32	8522.1	9369.1	8522.1	9369.1	0.13669	3.5873e+05	1.0946e+06	0.8096	0.79091	0.20909	0.41817	0.56576	True
sgRNA_145	AML_TFRC-E28	11604	12672	11604	12672	0.12696	5.6988e+05	1.7561e+06	0.80561	0.78977	0.21023	0.42047	0.56753	True
sgRNA_194	AML_TFRC-E34	14280	15515	14280	15515	0.11963	7.6225e+05	2.4131e+06	0.79483	0.78664	0.21336	0.42671	0.57461	True
sgRNA_491	AML_TFRC-E68	7334.7	6599.7	7334.7	6599.7	-0.15233	2.7015e+05	8.6999e+05	0.78807	0.21533	0.78467	0.43066	0.57857	False
NonTarget_39	NonTarget	18781	20285	18781	20285	0.11112	1.1308e+06	3.672e+06	0.78478	0.78371	0.21629	0.43258	0.5798	True
sgRNA_143	AML_TFRC-E28	15116	16384	15116	16384	0.11619	8.0365e+05	2.6329e+06	0.78133	0.78269	0.21731	0.43461	0.58117	True
NonTarget_15	NonTarget	9388.3	8511.4	9388.3	8511.4	-0.14145	3.8447e+05	1.2695e+06	0.77828	0.2182	0.7818	0.4364	0.58221	False
sgRNA_499	AML_TFRC-E70	8286.1	9076.1	8286.1	9076.1	0.13137	3.1207e+05	1.0485e+06	0.77152	0.7798	0.2202	0.4404	0.58618	True
sgRNA_249	AML_TFRC-E39	16853	18198	16853	18198	0.11076	9.0444e+05	3.1106e+06	0.76258	0.77714	0.22286	0.44571	0.59188	True
sgRNA_281	AML_TFRC-E43	11837	10819	11837	10819	-0.12973	5.1817e+05	1.8103e+06	0.75661	0.22464	0.77536	0.44928	0.59518	False
NonTarget_4	NonTarget	12438	13494	12438	13494	0.11746	5.5663e+05	1.9532e+06	0.75497	0.77487	0.22513	0.45027	0.59518	True
sgRNA_383	AML_TFRC-E53	10597	9676.9	10597	9676.9	-0.13102	4.2328e+05	1.5281e+06	0.7443	0.22835	0.77165	0.4567	0.60219	False
sgRNA_94	AML_TFRC-E18	14567	15739	14567	15739	0.11158	6.8619e+05	2.488e+06	0.7427	0.77117	0.22883	0.45766	0.60219	True
sgRNA_176	AML_TFRC-E32	27371	25499	27371	25499	-0.10222	1.7527e+06	6.5405e+06	0.73208	0.23206	0.76794	0.46412	0.60871	False
sgRNA_48	AML_TFRC-E15	13506	14594	13506	14594	0.11173	5.9149e+05	2.2157e+06	0.73069	0.76751	0.23249	0.46497	0.60871	True
sgRNA_500	AML_TFRC-E70	11744	10770	11744	10770	-0.12481	4.7365e+05	1.7885e+06	0.72777	0.23338	0.76662	0.46675	0.60871	False
sgRNA_286	AML_TFRC-E43	25901	24117	25901	24117	-0.10294	1.5908e+06	6.0096e+06	0.72761	0.23343	0.76657	0.46686	0.60871	False
sgRNA_343	AML_TFRC-E48	8651.7	7891.4	8651.7	7891.4	-0.13268	2.89e+05	1.1202e+06	0.71832	0.23628	0.76372	0.47256	0.61475	False
sgRNA_131	AML_TFRC-E22	10175	9326.3	10175	9326.3	-0.1257	3.6049e+05	1.436e+06	0.70856	0.2393	0.7607	0.4786	0.6212	False
sgRNA_221	AML_TFRC-E37	11855	12801	11855	12801	0.11076	4.4753e+05	1.8147e+06	0.7023	0.75875	0.24125	0.48249	0.62485	True
sgRNA_185	AML_TFRC-E33	9240.9	10011	9240.9	10011	0.11539	2.9612e+05	1.2391e+06	0.69135	0.75533	0.24467	0.48935	0.6323	True
sgRNA_412	AML_TFRC-E56	6289.3	5723.8	6289.3	5723.8	-0.1359	1.5988e+05	6.8756e+05	0.68195	0.24763	0.75237	0.49527	0.63852	False
sgRNA_132	AML_TFRC-E22	15929	17073	15929	17073	0.10012	6.5521e+05	2.8529e+06	0.67774	0.75103	0.24897	0.49794	0.64053	True
sgRNA_269	AML_TFRC-E41	13984	15017	13984	15017	0.10282	5.3369e+05	2.3371e+06	0.67581	0.75042	0.24958	0.49916	0.64067	True
sgRNA_41	AML_TFRC-E15	31825	29900	31825	29900	-0.09005	1.8544e+06	8.2411e+06	0.67084	0.25116	0.74884	0.50232	0.64214	False
sgRNA_509	AML_TFRC-E71	13713	14722	13713	14722	0.10246	5.0942e+05	2.2679e+06	0.67026	0.74865	0.25135	0.50269	0.64214	True
sgRNA_422	AML_TFRC-E57	13636	14636	13636	14636	0.10209	5.0003e+05	2.2486e+06	0.6669	0.74758	0.25242	0.50484	0.64214	True
sgRNA_45	AML_TFRC-E15	18326	17075	18326	17075	-0.10201	7.8265e+05	3.5365e+06	0.66529	0.25293	0.74707	0.50586	0.64214	False
sgRNA_490	AML_TFRC-E68	9155.7	9891	9155.7	9891	0.11143	2.7032e+05	1.2217e+06	0.66524	0.74705	0.25295	0.50589	0.64214	True
sgRNA_147	AML_TFRC-E28	11033	10187	11033	10187	-0.11498	3.5719e+05	1.6254e+06	0.66295	0.25368	0.74632	0.50736	0.64259	False
sgRNA_332	AML_TFRC-E48	12477	11563	12477	11563	-0.10984	4.1843e+05	1.9626e+06	0.653	0.25688	0.74312	0.51375	0.64925	False
sgRNA_477	AML_TFRC-E65	13903	12912	13903	12912	-0.10666	4.9084e+05	2.3162e+06	0.65102	0.25752	0.74248	0.51503	0.64944	False
sgRNA_453	AML_TFRC-E61	12149	11258	12149	11258	-0.10985	3.9675e+05	1.884e+06	0.64898	0.25818	0.74182	0.51635	0.64967	False
sgRNA_264	AML_TFRC-E41	15435	14369	15435	14369	-0.10323	5.6814e+05	2.7186e+06	0.64649	0.25898	0.74102	0.51796	0.65028	False
sgRNA_57	AML_TFRC-E17	12931	13827	12931	13827	0.096671	4.0161e+05	2.0729e+06	0.62249	0.73319	0.26681	0.53362	0.66848	True
sgRNA_103	AML_TFRC-E19	18094	16953	18094	16953	-0.093985	6.5121e+05	3.4682e+06	0.6128	0.27	0.73	0.54001	0.67501	False
sgRNA_313	AML_TFRC-E46	18913	17771	18913	17771	-0.089848	6.5209e+05	3.7117e+06	0.59277	0.27667	0.72333	0.55334	0.69017	False
sgRNA_106	AML_TFRC-E19	2826.5	3086.2	2826.5	3086.2	0.12678	33728	2.024e+05	0.57731	0.71813	0.28187	0.56373	0.70161	True
sgRNA_66	AML_TFRC-E18	12642	11856	12642	11856	-0.092592	3.0883e+05	2.0022e+06	0.55541	0.28931	0.71069	0.57861	0.71858	False
sgRNA_61	AML_TFRC-E17	13808	12972	13808	12972	-0.090109	3.4953e+05	2.292e+06	0.55227	0.29038	0.70962	0.58077	0.71943	False
sgRNA_232	AML_TFRC-E38	15410	14506	15410	14506	-0.087281	4.0926e+05	2.7119e+06	0.54938	0.29137	0.70863	0.58274	0.71943	False
sgRNA_278	AML_TFRC-E42	19406	20484	19406	20484	0.078033	5.8168e+05	3.8608e+06	0.54893	0.70847	0.29153	0.58305	0.71943	True
sgRNA_501	AML_TFRC-E71	5354.8	5753.1	5354.8	5753.1	0.10349	79327	5.3756e+05	0.54326	0.70653	0.29347	0.58695	0.72174	True
sgRNA_201	AML_TFRC-E34	19652	18576	19652	18576	-0.081264	5.7936e+05	3.9363e+06	0.54256	0.29372	0.70628	0.58743	0.72174	False
sgRNA_498	AML_TFRC-E70	14401	13557	14401	13557	-0.087117	3.5608e+05	2.4445e+06	0.53976	0.29468	0.70532	0.58936	0.72257	False
sgRNA_109	AML_TFRC-E20	9739.7	10362	9739.7	10362	0.089374	1.9376e+05	1.343e+06	0.53717	0.70443	0.29557	0.59115	0.72321	True
sgRNA_440	AML_TFRC-E60	6210.3	6644.7	6210.3	6644.7	0.09753	94361	6.7439e+05	0.529	0.7016	0.2984	0.59681	0.72859	True
sgRNA_62	AML_TFRC-E17	8121.9	8653.4	8121.9	8653.4	0.091441	1.4125e+05	1.0169e+06	0.52707	0.70093	0.29907	0.59814	0.72867	True
sgRNA_85	AML_TFRC-E18	18968	19969	18968	19969	0.074188	5.0098e+05	3.7282e+06	0.51841	0.69791	0.30209	0.60417	0.73376	True
sgRNA_251	AML_TFRC-E40	10205	9583.3	10205	9583.3	-0.090629	1.9306e+05	1.4424e+06	0.5174	0.30244	0.69756	0.60488	0.73376	False
sgRNA_135	AML_TFRC-E23	10588	9951.9	10588	9951.9	-0.089388	2.0236e+05	1.5262e+06	0.51496	0.30329	0.69671	0.60658	0.73428	False
NonTarget_2	NonTarget	18102	17182	18102	17182	-0.07528	4.2357e+05	3.4706e+06	0.49406	0.31063	0.68937	0.62126	0.74841	False
sgRNA_142	AML_TFRC-E27	10983	10358	10983	10358	-0.084561	1.955e+05	1.6142e+06	0.49216	0.3113	0.6887	0.6226	0.74841	False
sgRNA_261	AML_TFRC-E41	13500	12769	13500	12769	-0.080314	2.6722e+05	2.2142e+06	0.49129	0.31161	0.68839	0.62322	0.74841	False
SEC61A1	SEC61A1	16228	17069	16228	17069	0.072903	3.5377e+05	2.9354e+06	0.49096	0.68827	0.31173	0.62346	0.74841	True
sgRNA_519	AML_TFRC-E72	16191	17026	16191	17026	0.072596	3.4911e+05	2.9251e+06	0.48857	0.68743	0.31257	0.62514	0.74887	True
sgRNA_335	AML_TFRC-E48	18777	17869	18777	17869	-0.071447	4.1158e+05	3.6707e+06	0.47355	0.31791	0.68209	0.63582	0.75873	False
NonTarget_25	NonTarget	19395	18466	19395	18466	-0.070852	4.3203e+05	3.8576e+06	0.47327	0.31801	0.68199	0.63602	0.75873	False
sgRNA_418	AML_TFRC-E57	29470	30725	29470	30725	0.060143	7.8696e+05	7.3248e+06	0.46355	0.67851	0.32149	0.64297	0.76544	True
NonTarget_45	NonTarget	22215	23220	22215	23220	0.063806	5.0463e+05	4.7498e+06	0.46096	0.67759	0.32241	0.64483	0.76606	True
sgRNA_366	AML_TFRC-E51	13619	14303	13619	14303	0.070707	2.3402e+05	2.2441e+06	0.45669	0.67605	0.32395	0.6479	0.76812	True
sgRNA_472	AML_TFRC-E65	11870	11257	11870	11257	-0.076521	1.8804e+05	1.8182e+06	0.4548	0.32463	0.67537	0.64925	0.76815	False
sgRNA_266	AML_TFRC-E41	15550	14809	15550	14809	-0.070421	2.7442e+05	2.7496e+06	0.44678	0.32752	0.67248	0.65504	0.77297	False
sgRNA_73	AML_TFRC-E18	12785	12149	12785	12149	-0.073578	2.0207e+05	2.037e+06	0.44542	0.32801	0.67199	0.65602	0.77297	False
sgRNA_263	AML_TFRC-E41	18318	19151	18318	19151	0.064166	3.4706e+05	3.5341e+06	0.44318	0.67118	0.32882	0.65764	0.7733	True
sgRNA_312	AML_TFRC-E46	7869.8	7437.2	7869.8	7437.2	-0.081573	93609	9.69e+05	0.43955	0.33013	0.66987	0.66026	0.7748	False
sgRNA_122	AML_TFRC-E21	12407	11817	12407	11817	-0.070276	1.7402e+05	1.9457e+06	0.42294	0.33617	0.66383	0.67234	0.78529	False
sgRNA_515	AML_TFRC-E72	4419.5	4686.8	4419.5	4686.8	0.084722	35742	4.0078e+05	0.42233	0.66361	0.33639	0.67279	0.78529	True
sgRNA_228	AML_TFRC-E38	14288	14943	14288	14943	0.064685	2.1467e+05	2.4152e+06	0.42162	0.66335	0.33665	0.6733	0.78529	True
sgRNA_213	AML_TFRC-E36	10445	9937.2	10445	9937.2	-0.071915	1.2901e+05	1.4948e+06	0.41547	0.3389	0.6611	0.6778	0.78804	False
sgRNA_352	AML_TFRC-E49	17541	16787	17541	16787	-0.063387	2.843e+05	3.3072e+06	0.41464	0.3392	0.6608	0.6784	0.78804	False
sgRNA_60	AML_TFRC-E17	14391	15026	14391	15026	0.062359	2.0206e+05	2.4419e+06	0.40681	0.65793	0.34207	0.68415	0.79311	True
sgRNA_146	AML_TFRC-E28	19465	18670	19465	18670	-0.060206	3.1652e+05	3.879e+06	0.40398	0.34312	0.65688	0.68623	0.79393	False
sgRNA_38	AML_TFRC-E14	15834	15165	15834	15165	-0.062242	2.2353e+05	2.8269e+06	0.39768	0.34543	0.65457	0.69087	0.79769	False
NonTarget_7	NonTarget	17591	18302	17591	18302	0.057175	2.5289e+05	3.3215e+06	0.39022	0.65181	0.34819	0.69637	0.80243	True
sgRNA_485	AML_TFRC-E67	13545	12974	13545	12974	-0.06215	1.6311e+05	2.2255e+06	0.38286	0.35091	0.64909	0.70182	0.8071	False
sgRNA_474	AML_TFRC-E65	7457.2	7109.1	7457.2	7109.1	-0.068945	60565	8.9232e+05	0.36844	0.35627	0.64373	0.71255	0.81779	False
sgRNA_124	AML_TFRC-E21	11798	11307	11798	11307	-0.061308	1.2049e+05	1.8012e+06	0.36577	0.35727	0.64273	0.71454	0.81845	False
sgRNA_508	AML_TFRC-E71	10961	11422	10961	11422	0.059424	1.0623e+05	1.6092e+06	0.36336	0.64183	0.35817	0.71634	0.81887	True
sgRNA_322	AML_TFRC-E47	6809.3	7115.9	6809.3	7115.9	0.063522	46989	7.7645e+05	0.3479	0.63604	0.36396	0.72791	0.83046	True
NonTarget_11	NonTarget	14983	14431	14983	14431	-0.05409	1.52e+05	2.5975e+06	0.34211	0.36613	0.63387	0.73227	0.83377	False
sgRNA_302	AML_TFRC-E45	18498	19125	18498	19125	0.048093	1.966e+05	3.5875e+06	0.33107	0.6297	0.3703	0.7406	0.84082	True
ATP5B	ATP5B	9528.5	9904.6	9528.5	9904.6	0.055842	70721	1.2986e+06	0.33002	0.62931	0.37069	0.74138	0.84082	True
sgRNA_187	AML_TFRC-E33	14493	13978	14493	13978	-0.052157	1.3242e+05	2.4685e+06	0.32755	0.37163	0.62837	0.74325	0.84128	False
NonTarget_52	NonTarget	17712	18309	17712	18309	0.047772	1.7783e+05	3.3568e+06	0.3255	0.6276	0.3724	0.7448	0.84138	True
sgRNA_463	AML_TFRC-E64	15987	16530	15987	16530	0.048172	1.4735e+05	2.869e+06	0.3205	0.6257	0.3743	0.74859	0.844	True
sgRNA_394	AML_TFRC-E54	13625	14093	13625	14093	0.048746	1.0964e+05	2.2457e+06	0.31248	0.62266	0.37734	0.75468	0.8492	True
sgRNA_120	AML_TFRC-E21	13231	12780	13231	12780	-0.050017	1.0165e+05	2.147e+06	0.30772	0.37915	0.62085	0.7583	0.85161	False
sgRNA_520	AML_TFRC-E72	12827	12401	12827	12401	-0.048703	90665	2.0474e+06	0.2976	0.383	0.617	0.76601	0.85715	False
sgRNA_482	AML_TFRC-E66	18008	18559	18008	18559	0.043485	1.5185e+05	3.443e+06	0.297	0.61677	0.38323	0.76647	0.85715	True
sgRNA_493	AML_TFRC-E68	19317	19894	19317	19894	0.042438	1.6629e+05	3.8338e+06	0.29453	0.61582	0.38418	0.76835	0.85715	True
sgRNA_91	AML_TFRC-E18	27434	26683	27434	26683	-0.040081	2.8254e+05	6.5636e+06	0.29342	0.3846	0.6154	0.7692	0.85715	False
sgRNA_184	AML_TFRC-E32	17993	18531	17993	18531	0.042502	1.4472e+05	3.4385e+06	0.29013	0.61414	0.38586	0.77172	0.85721	True
sgRNA_59	AML_TFRC-E17	11831	12220	11831	12220	0.046705	75775	1.8089e+06	0.28945	0.61388	0.38612	0.77224	0.85721	True
sgRNA_178	AML_TFRC-E32	17326	17842	17326	17842	0.042389	1.3346e+05	3.2451e+06	0.2868	0.61287	0.38713	0.77427	0.85781	True
sgRNA_386	AML_TFRC-E53	22193	21591	22193	21591	-0.039671	1.8119e+05	4.7425e+06	0.27642	0.39111	0.60889	0.78222	0.85947	False
sgRNA_456	AML_TFRC-E61	9219.6	8912.6	9219.6	8912.6	-0.048853	47126	1.2347e+06	0.27629	0.39116	0.60884	0.78233	0.85947	False
sgRNA_294	AML_TFRC-E44	17749	18254	17749	18254	0.040453	1.2739e+05	3.3673e+06	0.27506	0.60837	0.39163	0.78327	0.85947	True
sgRNA_345	AML_TFRC-E48	11406	11764	11406	11764	0.044594	64121	1.7105e+06	0.27382	0.60789	0.39211	0.78423	0.85947	True
sgRNA_457	AML_TFRC-E61	24171	24806	24171	24806	0.037389	2.0139e+05	5.4056e+06	0.27297	0.60756	0.39244	0.78488	0.85947	True
sgRNA_188	AML_TFRC-E33	12262	12638	12262	12638	0.043592	70756	1.9108e+06	0.27214	0.60724	0.39276	0.78552	0.85947	True
sgRNA_49	AML_TFRC-E16	15546	15996	15546	15996	0.041132	1.0109e+05	2.7486e+06	0.27121	0.60688	0.39312	0.78623	0.85947	True
NonTarget_56	NonTarget	17036	17497	17036	17497	0.03852	1.0627e+05	3.1624e+06	0.25925	0.60228	0.39772	0.79544	0.86665	True
sgRNA_371	AML_TFRC-E52	18129	17646	18129	17646	-0.038926	1.1646e+05	3.4784e+06	0.25878	0.3979	0.6021	0.79581	0.86665	False
sgRNA_64	AML_TFRC-E17	9611.9	9902.3	9611.9	9902.3	0.042939	42170	1.3161e+06	0.25315	0.59992	0.40008	0.80015	0.86973	True
sgRNA_484	AML_TFRC-E66	18812	19266	18812	19266	0.034387	1.0297e+05	3.6813e+06	0.23652	0.59349	0.40651	0.81303	0.88206	True
sgRNA_89	AML_TFRC-E18	18731	18286	18731	18286	-0.034683	98995	3.6571e+06	0.23268	0.40801	0.59199	0.81601	0.88363	False
sgRNA_445	AML_TFRC-E60	23233	22722	23233	22722	-0.032115	1.3081e+05	5.0874e+06	0.22677	0.4103	0.5897	0.8206	0.88693	False
sgRNA_344	AML_TFRC-E48	13884	14212	13884	14212	0.033631	53623	2.3114e+06	0.2154	0.58527	0.41473	0.82945	0.89481	True
sgRNA_387	AML_TFRC-E53	16779	17149	16779	17149	0.031473	68482	3.0895e+06	0.21055	0.58338	0.41662	0.83324	0.89721	True
sgRNA_288	AML_TFRC-E43	17467	17094	17467	17094	-0.031133	69533	3.2856e+06	0.20573	0.4185	0.5815	0.837	0.89958	False
sgRNA_239	AML_TFRC-E38	16270	16614	16270	16614	0.030111	58886	2.9472e+06	0.1999	0.57922	0.42078	0.84156	0.90279	True
sgRNA_149	AML_TFRC-E28	13444	13156	13444	13156	-0.031172	41296	2.2001e+06	0.19375	0.42319	0.57681	0.84637	0.90626	False
sgRNA_364	AML_TFRC-E51	14191	14480	14191	14480	0.029053	41674	2.3902e+06	0.18674	0.57407	0.42593	0.85187	0.91045	True
sgRNA_10	AML_TFRC-E11	17017	17342	17017	17342	0.027292	52812	3.1569e+06	0.18292	0.57257	0.42743	0.85486	0.91196	True
NonTarget_9	NonTarget	6673.6	6827.4	6673.6	6827.4	0.032862	11824	7.5288e+05	0.17723	0.57034	0.42966	0.85933	0.91503	True
sgRNA_27	AML_TFRC-E13	15205	15481	15205	15481	0.025968	38137	2.6566e+06	0.16944	0.56728	0.43272	0.86545	0.91984	True
NonTarget_53	NonTarget	18242	18538	18242	18538	0.023172	43625	3.5118e+06	0.15762	0.56262	0.43738	0.87475	0.92801	True
sgRNA_439	AML_TFRC-E60	20235	20543	20235	20543	0.021753	47261	4.1167e+06	0.15153	0.56022	0.43978	0.87956	0.93016	True
sgRNA_292	AML_TFRC-E44	19663	19371	19663	19371	-0.021615	42756	3.9396e+06	0.14733	0.44144	0.55856	0.88287	0.93016	False
NonTarget_20	NonTarget	11304	11113	11304	11113	-0.024627	18307	1.6871e+06	0.14732	0.44144	0.55856	0.88288	0.93016	False
sgRNA_273	AML_TFRC-E42	12159	11957	12159	11957	-0.02413	20340	1.8863e+06	0.14685	0.44162	0.55838	0.88325	0.93016	False
sgRNA_54	AML_TFRC-E16	13006	13212	13006	13212	0.022599	21085	2.0914e+06	0.142	0.55646	0.44354	0.88708	0.93249	True
sgRNA_186	AML_TFRC-E33	16198	15961	16198	15961	-0.021236	28011	2.927e+06	0.13835	0.44498	0.55502	0.88997	0.93342	False
NonTarget_30	NonTarget	11511	11691	11511	11691	0.022399	16222	1.7346e+06	0.13677	0.55439	0.44561	0.89122	0.93342	True
sgRNA_428	AML_TFRC-E57	13837	14035	13837	14035	0.02045	19513	2.2995e+06	0.13028	0.55183	0.44817	0.89635	0.93709	True
sgRNA_299	AML_TFRC-E45	13395	13583	13395	13583	0.020053	17578	2.1879e+06	0.12676	0.55043	0.44957	0.89913	0.93829	True
sgRNA_298	AML_TFRC-E45	8678.3	8802.2	8678.3	8802.2	0.020445	7672.1	1.1255e+06	0.11676	0.54648	0.45352	0.90705	0.94484	True
sgRNA_234	AML_TFRC-E38	16742	16546	16742	16546	-0.016961	19146	3.079e+06	0.11152	0.4556	0.5444	0.9112	0.94577	False
sgRNA_316	AML_TFRC-E46	12643	12486	12643	12486	-0.018093	12417	2.0027e+06	0.11136	0.45567	0.54433	0.91133	0.94577	False
sgRNA_52	AML_TFRC-E16	19968	20187	19968	20187	0.015691	23844	4.0337e+06	0.10873	0.54329	0.45671	0.91342	0.94577	True
sgRNA_237	AML_TFRC-E38	14049	14214	14049	14214	0.016811	13559	2.3537e+06	0.10734	0.54274	0.45726	0.91452	0.94577	True
sgRNA_327	AML_TFRC-E47	13229	13377	13229	13377	0.016082	10997	2.1465e+06	0.10122	0.54031	0.45969	0.91937	0.94719	True
sgRNA_373	AML_TFRC-E52	25170	25410	25170	25410	0.013716	28906	5.7515e+06	0.10026	0.53993	0.46007	0.92014	0.94719	True
sgRNA_181	AML_TFRC-E32	17937	17753	17937	17753	-0.014863	16902	3.4222e+06	0.099386	0.46042	0.53958	0.92083	0.94719	False
sgRNA_434	AML_TFRC-E59	12452	12338	12452	12338	-0.013217	6448.1	1.9564e+06	0.081191	0.46765	0.53235	0.93529	0.96034	False
sgRNA_217	AML_TFRC-E37	14598	14718	14598	14718	0.011819	7210.3	2.4959e+06	0.076012	0.5303	0.4697	0.93941	0.96285	True
sgRNA_25	AML_TFRC-E13	15146	15028	15146	15028	-0.011319	7006.7	2.641e+06	0.072844	0.47097	0.52903	0.94193	0.96372	False
NonTarget_55	NonTarget	10511	10425	10511	10425	-0.01179	3659.8	1.5092e+06	0.069642	0.47224	0.52776	0.94448	0.96461	False
NonTarget_41	NonTarget	16544	16659	16544	16659	0.0099875	6604.8	3.0234e+06	0.0661	0.52635	0.47365	0.9473	0.96577	True
sgRNA_32	AML_TFRC-E13	12750	12833	12750	12833	0.0093708	3452.1	2.0286e+06	0.058339	0.52326	0.47674	0.95348	0.97035	True
sgRNA_306	AML_TFRC-E45	14049	14134	14049	14134	0.0086654	3582.3	2.3537e+06	0.055173	0.522	0.478	0.956	0.9712	True
sgRNA_36	AML_TFRC-E14	11545	11477	11545	11477	-0.0084922	2295.9	1.7424e+06	0.051336	0.47953	0.52047	0.95906	0.97259	False
sgRNA_164	AML_TFRC-E30	14595	14525	14595	14525	-0.0069356	2450	2.4952e+06	0.044315	0.48233	0.51767	0.96465	0.97654	False
sgRNA_104	AML_TFRC-E19	12361	12325	12361	12325	-0.0042739	668.63	1.9346e+06	0.026291	0.48951	0.51049	0.97903	0.98935	False
sgRNA_242	AML_TFRC-E38	17083	17050	17083	17050	-0.0028316	561.1	3.1758e+06	0.018798	0.4925	0.5075	0.985	0.99364	False
sgRNA_160	AML_TFRC-E29	18780	18805	18780	18805	0.0018988	305.9	3.6717e+06	0.012908	0.50515	0.49485	0.9897	0.99663	True
sgRNA_459	AML_TFRC-E61	13636	13650	13636	13650	0.0015471	107.04	2.2484e+06	0.0097577	0.50389	0.49611	0.99221	0.99742	True
sgRNA_514	AML_TFRC-E72	7125.3	7130.6	7125.3	7130.6	0.0010692	13.957	8.3225e+05	0.0057914	0.50231	0.49769	0.99538	0.99885	True
sgRNA_219	AML_TFRC-E37	14274	14271	14274	14271	-0.00023876	2.7899	2.4115e+06	0.001521	0.49939	0.50061	0.99879	1	False
sgRNA_114	AML_TFRC-E20	12910	12910	12910	12910	0	3.3087e-24	2.0676e+06	1.265e-15	0.5	0.5	1	1	True
